"2013-07-18 at 18:54"
Date(Y-M-D) Time(H:M:S) CO2(ppm) H2O(ppt) H2O(C) Cell_Temperature(C) Cell_Pressure(kPa) CO2_Absorption H2O_Absorption
2013-07-18 18:54:41 381.03 11.46 8.75 50.34 98.84 0.0710 0.0761
2013-07-18 18:54:42 381.50 11.45 8.73 50.34 98.85 0.0710 0.0760
2013-07-18 18:54:43 382.30 11.52 8.82 50.34 98.86 0.0711 0.0763
2013-07-18 18:54:44 382.33 11.56 8.87 50.37 98.84 0.0711 0.0765
2013-07-18 18:54:45 383.07 11.61 8.94 50.40 98.84 0.0712 0.0767
2013-07-18 18:54:46 383.96 11.58 8.89 50.40 98.84 0.0713 0.0766
2013-07-18 18:54:47 383.51 11.77 9.13 50.34 98.84 0.0713 0.0775
2013-07-18 18:54:48 378.83 11.71 9.06 50.34 98.82 0.0706 0.0772
2013-07-18 18:54:49 381.43 11.69 9.03 50.34 98.84 0.0710 0.0771
2013-07-18 18:54:50 382.95 11.80 9.18 50.34 98.84 0.0712 0.0776
2013-07-18 18:54:51 383.20 11.81 9.20 50.34 98.86 0.0713 0.0777
2013-07-18 18:54:52 383.75 11.83 9.21 50.40 98.84 0.0713 0.0778
2013-07-18 18:54:53 381.59 11.85 9.25 50.40 98.86 0.0710 0.0779
2013-07-18 18:54:54 383.31 11.89 9.29 50.40 98.85 0.0713 0.0780
2013-07-18 18:54:55 383.06 11.98 9.40 50.34 98.82 0.0712 0.0785
2013-07-18 18:54:56 383.03 11.99 9.41 50.34 98.84 0.0712 0.0785
2013-07-18 18:54:57 384.08 12.01 9.43 50.34 98.84 0.0714 0.0786
2013-07-18 18:54:58 382.10 12.05 9.49 50.34 98.84 0.0711 0.0788
2013-07-18 18:54:59 384.03 12.06 9.50 50.37 98.86 0.0714 0.0788
2013-07-18 18:55:00 383.09 12.17 9.64 50.40 98.84 0.0712 0.0794
2013-07-18 18:55:01 385.28 12.13 9.59 50.40 98.85 0.0715 0.0792
2013-07-18 18:55:02 383.43 12.19 9.66 50.34 98.83 0.0713 0.0795
2013-07-18 18:55:03 382.01 12.18 9.65 50.34 98.84 0.0711 0.0794
2013-07-18 18:55:04 383.83 12.18 9.65 50.34 98.84 0.0713 0.0794
2013-07-18 18:55:05 383.51 12.35 9.85 50.34 98.84 0.0713 0.0802
2013-07-18 18:55:06 384.80 12.29 9.79 50.37 98.84 0.0715 0.0799
2013-07-18 18:55:07 385.08 12.31 9.81 50.37 98.85 0.0715 0.0800
2013-07-18 18:55:08 383.53 12.31 9.81 50.40 98.85 0.0713 0.0800
2013-07-18 18:55:09 383.14 12.39 9.90 50.34 98.87 0.0713 0.0804
2013-07-18 18:55:10 386.50 12.39 9.91 50.34 98.84 0.0717 0.0804
2013-07-18 18:55:11 382.94 12.44 9.96 50.34 98.82 0.0712 0.0806
2013-07-18 18:55:12 383.68 12.46 10.00 50.34 98.86 0.0713 0.0807
2013-07-18 18:55:13 384.28 12.45 9.98 50.34 98.86 0.0714 0.0807
2013-07-18 18:55:14 384.83 12.60 10.16 50.37 98.84 0.0715 0.0813
2013-07-18 18:55:15 384.06 12.58 10.14 50.40 98.85 0.0714 0.0813
2013-07-18 18:55:16 384.86 12.59 10.14 50.37 98.83 0.0715 0.0813
2013-07-18 18:55:17 384.14 12.58 10.13 50.34 98.83 0.0714 0.0813
2013-07-18 18:55:18 384.99 12.62 10.17 50.34 98.82 0.0715 0.0814
2013-07-18 18:55:19 385.02 12.62 10.17 50.34 98.84 0.0715 0.0814
2013-07-18 18:55:20 385.02 12.66 10.23 50.34 98.84 0.0715 0.0816
2013-07-18 18:55:21 384.16 12.66 10.23 50.37 98.86 0.0714 0.0816
2013-07-18 18:55:22 387.21 12.67 10.24 50.37 98.85 0.0718 0.0816
2013-07-18 18:55:23 382.98 12.66 10.22 50.37 98.85 0.0712 0.0816
2013-07-18 18:55:24 384.18 12.68 10.25 50.34 98.83 0.0714 0.0817
2013-07-18 18:55:25 387.75 12.69 10.26 50.34 98.82 0.0719 0.0817
2013-07-18 18:55:26 384.46 12.78 10.36 50.34 98.84 0.0714 0.0821
2013-07-18 18:55:27 385.31 12.72 10.30 50.34 98.86 0.0716 0.0819
2013-07-18 18:55:28 383.99 12.68 10.25 50.34 98.84 0.0714 0.0817
2013-07-18 18:55:30 384.85 12.76 10.34 50.40 98.85 0.0715 0.0821
2013-07-18 18:55:31 384.98 12.72 10.30 50.40 98.85 0.0715 0.0819
2013-07-18 18:55:32 383.85 12.75 10.33 50.34 98.83 0.0713 0.0820
2013-07-18 18:55:33 386.23 12.79 10.38 50.34 98.85 0.0717 0.0822
2013-07-18 18:55:34 384.39 12.79 10.39 50.34 98.86 0.0714 0.0822
2013-07-18 18:55:35 385.85 12.82 10.42 50.34 98.84 0.0716 0.0824
2013-07-18 18:55:36 384.89 12.85 10.45 50.37 98.85 0.0715 0.0825
2013-07-18 18:55:37 385.39 12.85 10.45 50.37 98.85 0.0716 0.0825
2013-07-18 18:55:38 385.57 12.82 10.42 50.40 98.85 0.0716 0.0823
2013-07-18 18:55:39 383.08 12.85 10.45 50.34 98.85 0.0713 0.0825
2013-07-18 18:55:40 386.00 12.86 10.47 50.34 98.85 0.0717 0.0826
2013-07-18 18:55:41 385.34 12.94 10.56 50.34 98.87 0.0716 0.0829
2013-07-18 18:55:42 386.01 12.95 10.56 50.34 98.85 0.0717 0.0829
2013-07-18 18:55:43 384.24 12.95 10.57 50.34 98.85 0.0714 0.0829
2013-07-18 18:55:44 385.20 12.99 10.62 50.34 98.87 0.0716 0.0831
2013-07-18 18:55:45 384.71 13.02 10.65 50.40 98.87 0.0715 0.0833
2013-07-18 18:55:46 384.15 13.00 10.63 50.40 98.89 0.0714 0.0832
2013-07-18 18:55:47 387.19 13.02 10.64 50.34 98.85 0.0718 0.0832
2013-07-18 18:55:48 386.14 13.02 10.65 50.34 98.85 0.0717 0.0833
2013-07-18 18:55:49 385.01 13.07 10.71 50.34 98.85 0.0715 0.0835
2013-07-18 18:55:50 385.98 13.06 10.70 50.34 98.87 0.0717 0.0835
2013-07-18 18:55:51 386.66 13.09 10.73 50.34 98.85 0.0717 0.0836
2013-07-18 18:55:52 385.66 13.07 10.71 50.37 98.87 0.0716 0.0835
2013-07-18 18:55:53 386.16 13.12 10.77 50.40 98.89 0.0717 0.0837
2013-07-18 18:55:54 385.30 13.14 10.78 50.34 98.84 0.0716 0.0838
2013-07-18 18:55:55 387.22 13.13 10.78 50.34 98.84 0.0718 0.0837
2013-07-18 18:55:56 387.77 13.16 10.80 50.34 98.85 0.0719 0.0839
2013-07-18 18:55:57 384.33 13.19 10.84 50.34 98.85 0.0714 0.0840
2013-07-18 18:55:58 387.20 13.16 10.81 50.34 98.85 0.0718 0.0839
2013-07-18 18:55:59 383.47 13.19 10.85 50.40 98.87 0.0713 0.0840
2013-07-18 18:56:00 385.35 13.19 10.85 50.40 98.89 0.0716 0.0840
2013-07-18 18:56:01 386.14 13.17 10.82 50.37 98.87 0.0717 0.0839
2013-07-18 18:56:02 384.59 13.21 10.87 50.34 98.86 0.0715 0.0841
2013-07-18 18:56:03 384.87 13.23 10.89 50.34 98.84 0.0715 0.0842
2013-07-18 18:56:04 387.06 13.21 10.87 50.34 98.88 0.0718 0.0841
2013-07-18 18:56:05 386.77 13.28 10.95 50.34 98.88 0.0718 0.0844
2013-07-18 18:56:06 385.90 13.26 10.93 50.40 98.90 0.0717 0.0844
2013-07-18 18:56:07 387.96 13.28 10.95 50.40 98.88 0.0719 0.0844
2013-07-18 18:56:08 386.17 13.33 11.01 50.40 98.89 0.0717 0.0847
2013-07-18 18:56:09 384.89 13.33 11.00 50.34 98.87 0.0715 0.0847
2013-07-18 18:56:10 387.53 13.37 11.05 50.34 98.87 0.0719 0.0848
2013-07-18 18:56:11 384.59 13.36 11.05 50.34 98.89 0.0715 0.0848
2013-07-18 18:56:12 388.67 13.38 11.07 50.34 98.89 0.0721 0.0849
2013-07-18 18:56:13 387.18 13.37 11.05 50.34 98.89 0.0719 0.0848
2013-07-18 18:56:14 389.66 13.42 11.12 50.37 98.91 0.0722 0.0851
2013-07-18 18:56:15 384.69 13.36 11.05 50.40 98.92 0.0715 0.0848
2013-07-18 18:56:16 388.71 13.42 11.11 50.34 98.91 0.0721 0.0851
2013-07-18 18:56:17 387.92 13.44 11.13 50.34 98.91 0.0720 0.0852
2013-07-18 18:56:18 390.32 13.42 11.11 50.34 98.91 0.0723 0.0851
2013-07-18 18:56:19 385.85 13.41 11.11 50.34 98.94 0.0717 0.0851
2013-07-18 18:56:20 387.62 13.43 11.12 50.34 98.92 0.0719 0.0851
2013-07-18 18:56:21 387.33 13.39 11.08 50.37 98.93 0.0719 0.0850
2013-07-18 18:56:22 388.99 13.43 11.13 50.40 98.95 0.0721 0.0852
2013-07-18 18:56:23 388.13 13.42 11.12 50.37 98.95 0.0720 0.0851
2013-07-18 18:56:24 386.63 13.43 11.13 50.34 98.93 0.0718 0.0852
2013-07-18 18:56:25 388.53 13.44 11.14 50.34 98.93 0.0721 0.0852
2013-07-18 18:56:26 388.21 13.45 11.15 50.34 98.96 0.0720 0.0852
2013-07-18 18:56:27 389.08 13.52 11.24 50.34 98.97 0.0722 0.0856
2013-07-18 18:56:28 386.75 13.48 11.19 50.37 98.98 0.0719 0.0854
2013-07-18 18:56:29 388.45 13.54 11.25 50.40 98.97 0.0721 0.0857
2013-07-18 18:56:30 387.03 13.50 11.21 50.37 98.97 0.0719 0.0855
2013-07-18 18:56:31 387.83 13.54 11.26 50.34 98.95 0.0720 0.0857
2013-07-18 18:56:32 387.62 13.56 11.28 50.34 98.95 0.0720 0.0857
2013-07-18 18:56:33 386.05 13.52 11.24 50.34 99.01 0.0718 0.0856
2013-07-18 18:56:34 388.72 13.56 11.28 50.34 98.99 0.0721 0.0857
2013-07-18 18:56:35 386.43 13.52 11.24 50.37 99.00 0.0718 0.0856
2013-07-18 18:56:36 385.91 13.50 11.21 50.40 99.00 0.0718 0.0855
2013-07-18 18:56:37 385.92 13.54 11.26 50.40 99.02 0.0718 0.0857
2013-07-18 18:56:38 388.93 13.58 11.31 50.37 99.02 0.0722 0.0859
2013-07-18 18:56:39 387.64 13.54 11.26 50.34 98.99 0.0720 0.0857
2013-07-18 18:56:41 387.60 13.60 11.33 50.34 99.02 0.0720 0.0860
2013-07-18 18:56:42 386.52 13.57 11.29 50.34 99.00 0.0719 0.0858
2013-07-18 18:56:43 387.98 13.59 11.32 50.34 99.04 0.0721 0.0859
2013-07-18 18:56:44 387.49 13.61 11.35 50.37 99.02 0.0720 0.0860
2013-07-18 18:56:45 387.72 13.60 11.34 50.40 99.05 0.0720 0.0860
2013-07-18 18:56:46 388.77 13.63 11.37 50.40 99.05 0.0722 0.0861
2013-07-18 18:56:47 386.36 13.58 11.31 50.34 99.01 0.0718 0.0859
2013-07-18 18:56:48 389.79 13.64 11.38 50.34 99.03 0.0723 0.0862
2013-07-18 18:56:49 387.67 13.59 11.32 50.34 99.03 0.0720 0.0859
