"2013-07-19 at 16:25"
Date(Y-M-D) Time(H:M:S) CO2(ppm) H2O(ppt) H2O(C) Cell_Temperature(C) Cell_Pressure(kPa) CO2_Absorption H2O_Absorption
2013-07-19 16:25:53 387.89 18.76 16.18 50.37 98.38 0.0716 0.1064
2013-07-19 16:25:54 390.92 18.96 16.34 50.34 98.38 0.0720 0.1071
2013-07-19 16:25:55 389.91 19.10 16.46 50.37 98.38 0.0719 0.1076
2013-07-19 16:25:56 389.36 19.16 16.51 50.37 98.38 0.0718 0.1078
2013-07-19 16:25:57 390.68 19.25 16.58 50.40 98.38 0.0720 0.1082
2013-07-19 16:25:58 391.26 19.31 16.64 50.40 98.39 0.0721 0.1084
2013-07-19 16:25:59 389.53 19.42 16.73 50.37 98.39 0.0718 0.1088
2013-07-19 16:26:00 392.09 19.35 16.66 50.37 98.38 0.0722 0.1085
2013-07-19 16:26:01 391.27 19.49 16.78 50.34 98.38 0.0721 0.1091
2013-07-19 16:26:02 391.80 19.52 16.80 50.34 98.38 0.0721 0.1092
2013-07-19 16:26:03 390.04 19.59 16.86 50.37 98.40 0.0719 0.1095
2013-07-19 16:26:04 392.83 19.61 16.88 50.40 98.41 0.0723 0.1095
2013-07-19 16:26:05 391.11 19.77 17.00 50.40 98.39 0.0720 0.1101
2013-07-19 16:26:06 394.14 19.82 17.05 50.40 98.41 0.0725 0.1103
2013-07-19 16:26:07 393.09 19.87 17.08 50.34 98.39 0.0723 0.1105
2013-07-19 16:26:08 394.60 19.95 17.15 50.34 98.38 0.0725 0.1108
2013-07-19 16:26:09 394.96 19.97 17.17 50.37 98.40 0.0726 0.1109
2013-07-19 16:26:10 391.88 20.03 17.21 50.40 98.40 0.0722 0.1111
2013-07-19 16:26:11 394.09 20.07 17.25 50.40 98.41 0.0725 0.1112
2013-07-19 16:26:12 395.25 20.08 17.25 50.40 98.39 0.0726 0.1112
2013-07-19 16:26:13 397.50 20.23 17.37 50.40 98.39 0.0729 0.1118
2013-07-19 16:26:14 394.95 20.20 17.34 50.34 98.39 0.0726 0.1117
2013-07-19 16:26:15 396.39 20.24 17.38 50.34 98.38 0.0728 0.1118
2013-07-19 16:26:16 396.97 20.29 17.42 50.34 98.40 0.0729 0.1120
2013-07-19 16:26:17 396.14 20.38 17.48 50.40 98.40 0.0727 0.1123
2013-07-19 16:26:18 396.94 20.42 17.51 50.40 98.38 0.0728 0.1125
2013-07-19 16:26:19 396.56 20.44 17.53 50.40 98.38 0.0728 0.1125
2013-07-19 16:26:20 400.35 20.48 17.56 50.40 98.39 0.0733 0.1127
2013-07-19 16:26:21 396.98 20.52 17.59 50.37 98.35 0.0728 0.1128
2013-07-19 16:26:22 397.09 20.54 17.61 50.34 98.38 0.0729 0.1129
2013-07-19 16:26:23 396.62 20.55 17.62 50.34 98.40 0.0728 0.1130
2013-07-19 16:26:24 400.73 20.63 17.67 50.34 98.38 0.0734 0.1132
2013-07-19 16:26:25 400.22 20.66 17.70 50.37 98.40 0.0733 0.1133
2013-07-19 16:26:26 401.77 20.74 17.76 50.40 98.40 0.0735 0.1136
2013-07-19 16:26:27 399.27 20.68 17.72 50.40 98.40 0.0732 0.1134
2013-07-19 16:26:28 402.43 20.74 17.76 50.40 98.38 0.0736 0.1136
2013-07-19 16:26:29 399.86 20.77 17.78 50.37 98.38 0.0732 0.1137
2013-07-19 16:26:30 402.96 20.79 17.80 50.34 98.40 0.0737 0.1138
2013-07-19 16:26:31 401.56 20.82 17.82 50.34 98.36 0.0735 0.1139
2013-07-19 16:26:32 400.55 20.82 17.83 50.37 98.40 0.0733 0.1139
2013-07-19 16:26:33 403.48 20.93 17.90 50.40 98.38 0.0737 0.1143
2013-07-19 16:26:34 402.68 20.99 17.95 50.40 98.39 0.0736 0.1145
2013-07-19 16:26:35 402.90 20.98 17.95 50.40 98.39 0.0736 0.1145
2013-07-19 16:26:36 404.41 20.95 17.92 50.40 98.39 0.0739 0.1144
2013-07-19 16:26:37 403.07 21.04 17.99 50.34 98.38 0.0737 0.1147
2013-07-19 16:26:38 403.75 20.98 17.94 50.34 98.38 0.0738 0.1145
2013-07-19 16:26:39 402.09 20.97 17.94 50.34 98.40 0.0736 0.1145
2013-07-19 16:26:40 403.44 20.98 17.95 50.40 98.40 0.0737 0.1145
2013-07-19 16:26:41 402.66 21.04 17.99 50.40 98.38 0.0736 0.1147
2013-07-19 16:26:42 404.36 21.14 18.06 50.40 98.38 0.0738 0.1150
2013-07-19 16:26:43 403.27 21.17 18.09 50.40 98.39 0.0737 0.1151
2013-07-19 16:26:44 405.61 21.19 18.10 50.34 98.38 0.0740 0.1152
2013-07-19 16:26:45 402.09 21.07 18.01 50.34 98.38 0.0735 0.1148
2013-07-19 16:26:46 403.55 20.81 17.82 50.34 98.40 0.0737 0.1139
2013-07-19 16:26:47 403.32 20.67 17.71 50.34 98.40 0.0737 0.1134
2013-07-19 16:26:48 405.02 20.84 17.84 50.40 98.41 0.0739 0.1140
2013-07-19 16:26:49 401.52 20.79 17.80 50.40 98.39 0.0735 0.1138
2013-07-19 16:26:50 404.56 20.80 17.81 50.40 98.39 0.0739 0.1138
2013-07-19 16:26:51 407.39 20.99 17.95 50.34 98.39 0.0743 0.1145
2013-07-19 16:26:52 404.17 21.03 17.98 50.34 98.39 0.0738 0.1147
2013-07-19 16:26:53 406.61 21.04 17.99 50.34 98.40 0.0742 0.1147
2013-07-19 16:26:54 404.37 21.01 17.97 50.40 98.38 0.0738 0.1146
2013-07-19 16:26:55 405.79 21.10 18.04 50.37 98.40 0.0740 0.1149
2013-07-19 16:26:56 406.99 21.15 18.07 50.40 98.38 0.0742 0.1151
2013-07-19 16:26:58 407.52 21.29 18.18 50.40 98.39 0.0743 0.1155
2013-07-19 16:26:59 406.07 21.23 18.13 50.37 98.37 0.0741 0.1154
2013-07-19 16:27:00 407.88 21.28 18.17 50.34 98.38 0.0743 0.1155
2013-07-19 16:27:01 407.57 21.21 18.12 50.34 98.40 0.0743 0.1153
2013-07-19 16:27:02 407.19 21.22 18.12 50.37 98.40 0.0742 0.1153
2013-07-19 16:27:03 407.27 21.26 18.16 50.37 98.41 0.0743 0.1155
2013-07-19 16:27:04 406.36 21.27 18.16 50.40 98.39 0.0741 0.1155
2013-07-19 16:27:05 409.16 21.31 18.20 50.40 98.39 0.0745 0.1156
2013-07-19 16:27:06 407.49 21.30 18.19 50.37 98.39 0.0743 0.1156
2013-07-19 16:27:07 407.41 21.31 18.19 50.37 98.38 0.0742 0.1156
2013-07-19 16:27:08 406.84 21.38 18.24 50.34 98.38 0.0742 0.1159
2013-07-19 16:27:09 410.68 21.35 18.22 50.34 98.40 0.0747 0.1158
2013-07-19 16:27:10 409.00 21.39 18.25 50.37 98.38 0.0745 0.1159
2013-07-19 16:27:11 406.69 21.42 18.28 50.40 98.41 0.0742 0.1161
2013-07-19 16:27:12 413.29 21.52 18.35 50.40 98.39 0.0750 0.1164
2013-07-19 16:27:13 407.16 21.56 18.38 50.37 98.41 0.0742 0.1165
2013-07-19 16:27:14 408.95 21.45 18.29 50.34 98.37 0.0745 0.1161
2013-07-19 16:27:15 410.14 21.49 18.33 50.34 98.39 0.0746 0.1163
2013-07-19 16:27:16 410.77 21.48 18.32 50.34 98.41 0.0747 0.1163
2013-07-19 16:27:17 408.58 21.35 18.22 50.37 98.41 0.0744 0.1158
2013-07-19 16:27:18 406.95 21.47 18.32 50.40 98.41 0.0742 0.1162
2013-07-19 16:27:19 409.38 21.41 18.27 50.40 98.41 0.0745 0.1160
2013-07-19 16:27:20 410.80 21.57 18.39 50.40 98.41 0.0747 0.1166
2013-07-19 16:27:21 411.09 21.56 18.38 50.40 98.37 0.0747 0.1165
2013-07-19 16:27:22 413.02 21.59 18.40 50.34 98.39 0.0750 0.1166
2013-07-19 16:27:23 409.18 21.42 18.27 50.34 98.39 0.0745 0.1160
2013-07-19 16:27:24 411.12 21.53 18.36 50.37 98.41 0.0748 0.1164
2013-07-19 16:27:25 411.57 21.43 18.29 50.40 98.41 0.0748 0.1161
2013-07-19 16:27:26 410.04 21.46 18.31 50.40 98.39 0.0746 0.1162
2013-07-19 16:27:27 409.45 21.37 18.24 50.40 98.41 0.0745 0.1159
2013-07-19 16:27:28 408.53 21.44 18.29 50.40 98.39 0.0744 0.1161
2013-07-19 16:27:29 409.07 21.41 18.27 50.34 98.39 0.0745 0.1160
2013-07-19 16:27:30 412.35 21.52 18.35 50.34 98.41 0.0749 0.1164
2013-07-19 16:27:31 412.07 21.49 18.33 50.34 98.40 0.0749 0.1163
2013-07-19 16:27:32 411.32 21.62 18.43 50.37 98.41 0.0748 0.1167
2013-07-19 16:27:33 412.15 21.61 18.43 50.40 98.43 0.0749 0.1167
2013-07-19 16:27:34 411.22 21.66 18.45 50.40 98.41 0.0748 0.1169
2013-07-19 16:27:35 411.99 21.67 18.46 50.40 98.40 0.0749 0.1169
2013-07-19 16:27:36 410.98 21.61 18.41 50.37 98.37 0.0747 0.1167
2013-07-19 16:27:37 412.54 21.49 18.33 50.37 98.41 0.0750 0.1163
2013-07-19 16:27:38 410.50 21.55 18.37 50.34 98.39 0.0747 0.1165
2013-07-19 16:27:39 412.88 21.60 18.41 50.37 98.41 0.0750 0.1167
2013-07-19 16:27:40 411.59 21.51 18.35 50.40 98.41 0.0748 0.1164
2013-07-19 16:27:41 412.65 21.59 18.40 50.40 98.41 0.0750 0.1166
2013-07-19 16:27:42 410.88 21.54 18.37 50.40 98.42 0.0747 0.1165
2013-07-19 16:27:43 412.92 21.58 18.40 50.37 98.39 0.0750 0.1166
2013-07-19 16:27:44 415.01 21.68 18.47 50.34 98.41 0.0753 0.1170
2013-07-19 16:27:45 411.99 21.67 18.46 50.34 98.39 0.0749 0.1169
2013-07-19 16:27:46 414.79 21.71 18.49 50.37 98.41 0.0753 0.1171
2013-07-19 16:27:47 411.74 21.64 18.44 50.40 98.41 0.0749 0.1168
2013-07-19 16:27:48 413.25 21.70 18.48 50.40 98.39 0.0750 0.1170
2013-07-19 16:27:49 412.12 21.62 18.43 50.40 98.42 0.0749 0.1167
2013-07-19 16:27:50 415.18 21.73 18.51 50.37 98.40 0.0753 0.1171
2013-07-19 16:27:51 414.74 21.69 18.47 50.34 98.37 0.0752 0.1169
