"2013-07-18 at 18:30"
Date(Y-M-D) Time(H:M:S) CO2(ppm) H2O(ppt) H2O(C) Cell_Temperature(C) Cell_Pressure(kPa) CO2_Absorption H2O_Absorption
2013-07-18 18:30:38 386.53 13.72 11.42 50.34 98.75 0.0717 0.0863
2013-07-18 18:30:39 386.41 14.00 11.73 50.37 98.73 0.0716 0.0875
2013-07-18 18:30:40 388.33 14.04 11.77 50.40 98.75 0.0719 0.0877
2013-07-18 18:30:41 387.99 14.07 11.80 50.34 98.71 0.0718 0.0878
2013-07-18 18:30:42 388.10 14.09 11.82 50.34 98.71 0.0718 0.0879
2013-07-18 18:30:43 388.83 14.22 11.96 50.34 98.71 0.0719 0.0884
2013-07-18 18:30:44 389.38 14.38 12.13 50.34 98.73 0.0720 0.0891
2013-07-18 18:30:45 388.94 14.38 12.14 50.34 98.73 0.0720 0.0891
2013-07-18 18:30:46 388.17 14.37 12.12 50.37 98.73 0.0719 0.0891
2013-07-18 18:30:47 388.39 14.43 12.18 50.40 98.73 0.0719 0.0893
2013-07-18 18:30:48 390.74 14.58 12.33 50.40 98.71 0.0722 0.0899
2013-07-18 18:30:49 389.17 14.65 12.40 50.34 98.69 0.0720 0.0902
2013-07-18 18:30:50 390.18 14.64 12.40 50.34 98.71 0.0721 0.0902
2013-07-18 18:30:51 390.28 14.78 12.55 50.34 98.73 0.0722 0.0908
2013-07-18 18:30:52 390.65 14.79 12.56 50.34 98.73 0.0722 0.0909
2013-07-18 18:30:53 390.44 14.84 12.61 50.34 98.73 0.0722 0.0911
2013-07-18 18:30:54 390.58 14.89 12.66 50.37 98.75 0.0722 0.0913
2013-07-18 18:30:55 392.56 15.03 12.80 50.40 98.71 0.0725 0.0919
2013-07-18 18:30:56 389.52 14.97 12.75 50.34 98.73 0.0721 0.0916
2013-07-18 18:30:57 390.21 15.08 12.85 50.34 98.71 0.0721 0.0921
2013-07-18 18:30:58 389.93 15.17 12.95 50.34 98.73 0.0721 0.0925
2013-07-18 18:30:59 390.78 15.19 12.96 50.34 98.73 0.0722 0.0926
2013-07-18 18:31:00 390.27 15.24 13.02 50.34 98.73 0.0722 0.0928
2013-07-18 18:31:01 390.12 15.33 13.10 50.34 98.73 0.0721 0.0931
2013-07-18 18:31:02 393.94 15.33 13.10 50.40 98.72 0.0727 0.0931
2013-07-18 18:31:03 391.03 15.41 13.19 50.37 98.74 0.0723 0.0935
2013-07-18 18:31:04 393.01 15.46 13.23 50.34 98.70 0.0725 0.0937
2013-07-18 18:31:05 393.22 15.50 13.27 50.34 98.73 0.0726 0.0938
2013-07-18 18:31:06 391.32 15.55 13.33 50.34 98.73 0.0723 0.0941
2013-07-18 18:31:08 393.70 15.56 13.33 50.34 98.73 0.0726 0.0941
2013-07-18 18:31:09 391.19 15.54 13.31 50.34 98.73 0.0723 0.0940
2013-07-18 18:31:10 395.65 15.69 13.46 50.40 98.73 0.0729 0.0946
2013-07-18 18:31:11 393.36 15.71 13.48 50.40 98.72 0.0726 0.0947
2013-07-18 18:31:12 394.42 15.74 13.51 50.34 98.71 0.0727 0.0948
2013-07-18 18:31:13 394.45 15.75 13.52 50.34 98.73 0.0727 0.0949
2013-07-18 18:31:14 396.21 15.90 13.66 50.34 98.73 0.0730 0.0955
2013-07-18 18:31:15 394.36 15.89 13.66 50.34 98.73 0.0727 0.0955
2013-07-18 18:31:16 394.29 15.98 13.75 50.34 98.75 0.0727 0.0958
2013-07-18 18:31:17 395.57 16.02 13.78 50.40 98.73 0.0729 0.0960
2013-07-18 18:31:18 393.98 16.12 13.87 50.37 98.71 0.0727 0.0964
2013-07-18 18:31:19 394.79 16.05 13.81 50.37 98.72 0.0728 0.0961
2013-07-18 18:31:20 394.71 16.17 13.92 50.34 98.71 0.0728 0.0966
2013-07-18 18:31:21 397.24 16.29 14.04 50.34 98.73 0.0731 0.0971
2013-07-18 18:31:22 395.32 16.25 14.00 50.34 98.76 0.0729 0.0969
2013-07-18 18:31:23 394.94 16.25 14.01 50.34 98.74 0.0728 0.0969
2013-07-18 18:31:24 395.43 16.34 14.09 50.37 98.74 0.0729 0.0973
2013-07-18 18:31:25 397.49 16.39 14.14 50.40 98.76 0.0732 0.0975
2013-07-18 18:31:26 396.10 16.45 14.19 50.40 98.74 0.0730 0.0977
2013-07-18 18:31:27 396.17 16.51 14.25 50.34 98.72 0.0730 0.0980
2013-07-18 18:31:28 396.54 16.51 14.25 50.34 98.72 0.0730 0.0980
2013-07-18 18:31:29 397.50 16.54 14.27 50.34 98.71 0.0731 0.0981
2013-07-18 18:31:30 395.48 16.57 14.30 50.34 98.76 0.0729 0.0982
2013-07-18 18:31:31 395.28 16.60 14.33 50.37 98.74 0.0729 0.0983
2013-07-18 18:31:32 396.05 16.66 14.38 50.40 98.74 0.0730 0.0986
2013-07-18 18:31:33 398.24 16.69 14.42 50.40 98.76 0.0733 0.0987
2013-07-18 18:31:34 398.13 16.70 14.42 50.34 98.72 0.0732 0.0987
2013-07-18 18:31:35 395.90 16.71 14.44 50.34 98.74 0.0730 0.0988
2013-07-18 18:31:36 396.67 16.75 14.47 50.34 98.74 0.0731 0.0989
2013-07-18 18:31:37 395.89 16.79 14.50 50.34 98.74 0.0730 0.0991
2013-07-18 18:31:38 398.49 16.81 14.53 50.34 98.74 0.0733 0.0992
2013-07-18 18:31:39 396.62 16.78 14.50 50.34 98.76 0.0731 0.0991
2013-07-18 18:31:40 396.01 16.81 14.53 50.40 98.76 0.0730 0.0992
2013-07-18 18:31:41 396.31 16.89 14.59 50.37 98.74 0.0730 0.0995
2013-07-18 18:31:42 397.38 16.85 14.56 50.34 98.72 0.0731 0.0993
2013-07-18 18:31:43 396.94 16.91 14.62 50.34 98.74 0.0731 0.0996
2013-07-18 18:31:44 398.18 16.95 14.65 50.34 98.74 0.0733 0.0997
2013-07-18 18:31:45 396.68 17.01 14.71 50.34 98.74 0.0731 0.1000
2013-07-18 18:31:46 396.80 17.02 14.72 50.37 98.74 0.0731 0.1000
2013-07-18 18:31:47 397.45 17.05 14.75 50.40 98.76 0.0732 0.1001
2013-07-18 18:31:48 398.82 17.06 14.75 50.40 98.74 0.0733 0.1001
2013-07-18 18:31:49 396.53 17.07 14.76 50.34 98.72 0.0730 0.1002
2013-07-18 18:31:50 399.15 17.13 14.82 50.34 98.74 0.0734 0.1004
2013-07-18 18:31:51 396.05 17.12 14.81 50.34 98.74 0.0730 0.1004
2013-07-18 18:31:52 399.49 17.17 14.86 50.34 98.76 0.0735 0.1006
2013-07-18 18:31:53 398.44 17.17 14.86 50.37 98.76 0.0733 0.1006
2013-07-18 18:31:54 398.22 17.26 14.94 50.40 98.74 0.0733 0.1009
2013-07-18 18:31:55 400.81 17.27 14.94 50.40 98.72 0.0736 0.1009
2013-07-18 18:31:56 397.38 17.31 14.97 50.34 98.70 0.0731 0.1011
2013-07-18 18:31:57 398.13 17.36 15.02 50.34 98.72 0.0732 0.1013
2013-07-18 18:31:58 397.67 17.37 15.03 50.34 98.74 0.0732 0.1014
2013-07-18 18:31:59 398.18 17.34 15.01 50.34 98.76 0.0733 0.1013
2013-07-18 18:32:00 399.53 17.38 15.04 50.37 98.76 0.0735 0.1014
2013-07-18 18:32:01 395.84 17.43 15.09 50.40 98.78 0.0730 0.1016
2013-07-18 18:32:02 399.56 17.42 15.08 50.40 98.74 0.0734 0.1016
2013-07-18 18:32:03 396.82 17.40 15.06 50.37 98.76 0.0731 0.1015
2013-07-18 18:32:04 400.26 17.42 15.07 50.34 98.74 0.0735 0.1016
2013-07-18 18:32:05 399.67 17.42 15.07 50.34 98.72 0.0735 0.1016
2013-07-18 18:32:06 399.52 17.46 15.12 50.34 98.74 0.0735 0.1018
2013-07-18 18:32:07 397.65 17.47 15.12 50.37 98.76 0.0732 0.1018
2013-07-18 18:32:08 400.84 17.45 15.10 50.37 98.74 0.0736 0.1017
2013-07-18 18:32:09 398.90 17.47 15.12 50.40 98.74 0.0734 0.1018
2013-07-18 18:32:10 399.67 17.48 15.13 50.37 98.76 0.0735 0.1018
2013-07-18 18:32:11 399.63 17.44 15.10 50.34 98.74 0.0735 0.1017
2013-07-18 18:32:12 398.51 17.47 15.12 50.34 98.74 0.0733 0.1018
2013-07-18 18:32:13 398.12 17.43 15.08 50.34 98.71 0.0732 0.1016
2013-07-18 18:32:14 400.13 17.43 15.09 50.34 98.76 0.0736 0.1016
2013-07-18 18:32:15 399.54 17.44 15.10 50.34 98.78 0.0735 0.1017
2013-07-18 18:32:16 398.65 17.41 15.07 50.37 98.78 0.0734 0.1016
2013-07-18 18:32:17 401.71 17.40 15.06 50.40 98.76 0.0737 0.1015
2013-07-18 18:32:18 398.16 17.38 15.04 50.34 98.74 0.0733 0.1014
2013-07-18 18:32:20 402.01 17.39 15.05 50.34 98.74 0.0738 0.1015
2013-07-18 18:32:21 398.58 17.39 15.05 50.34 98.72 0.0733 0.1015
2013-07-18 18:32:22 399.63 17.35 15.02 50.34 98.76 0.0735 0.1013
2013-07-18 18:32:23 400.23 17.39 15.05 50.34 98.74 0.0735 0.1015
2013-07-18 18:32:24 399.13 17.30 14.98 50.40 98.76 0.0734 0.1011
2013-07-18 18:32:25 401.62 17.39 15.05 50.40 98.74 0.0737 0.1014
2013-07-18 18:32:26 400.40 17.31 14.98 50.34 98.76 0.0736 0.1012
2013-07-18 18:32:27 399.04 17.35 15.02 50.34 98.74 0.0734 0.1013
2013-07-18 18:32:28 400.80 17.35 15.01 50.34 98.72 0.0736 0.1013
2013-07-18 18:32:29 398.77 17.33 15.00 50.34 98.74 0.0733 0.1012
2013-07-18 18:32:30 401.16 17.32 14.99 50.34 98.74 0.0737 0.1012
2013-07-18 18:32:31 398.90 17.32 14.99 50.37 98.74 0.0734 0.1012
2013-07-18 18:32:32 400.53 17.32 15.00 50.37 98.76 0.0736 0.1012
