"2013-07-19 at 19:14"
Date(Y-M-D) Time(H:M:S) CO2(ppm) H2O(ppt) H2O(C) Cell_Temperature(C) Cell_Pressure(kPa) CO2_Absorption H2O_Absorption
2013-07-19 19:14:53 392.66 14.17 11.84 50.34 98.28 0.0721 0.0878
2013-07-19 19:14:54 394.33 14.23 11.91 50.34 98.34 0.0724 0.0881
2013-07-19 19:14:55 392.87 14.32 12.00 50.34 98.33 0.0722 0.0885
2013-07-19 19:14:56 395.01 14.46 12.15 50.34 98.30 0.0725 0.0891
2013-07-19 19:14:57 392.91 14.45 12.14 50.37 98.32 0.0722 0.0891
2013-07-19 19:14:58 395.64 14.58 12.28 50.40 98.29 0.0725 0.0896
2013-07-19 19:14:59 394.51 14.58 12.27 50.34 98.29 0.0724 0.0896
2013-07-19 19:15:00 391.56 14.60 12.30 50.34 98.29 0.0720 0.0897
2013-07-19 19:15:01 394.31 14.66 12.36 50.34 98.32 0.0724 0.0900
2013-07-19 19:15:02 393.69 14.70 12.40 50.34 98.32 0.0723 0.0901
2013-07-19 19:15:03 391.75 14.73 12.44 50.34 98.34 0.0721 0.0903
2013-07-19 19:15:04 392.49 14.72 12.42 50.37 98.32 0.0721 0.0902
2013-07-19 19:15:05 394.71 14.85 12.56 50.40 98.32 0.0724 0.0908
2013-07-19 19:15:06 391.80 14.88 12.59 50.37 98.31 0.0720 0.0909
2013-07-19 19:15:07 394.51 14.93 12.63 50.34 98.29 0.0724 0.0911
2013-07-19 19:15:08 392.52 15.02 12.73 50.34 98.29 0.0721 0.0915
2013-07-19 19:15:09 395.70 15.09 12.80 50.34 98.32 0.0726 0.0918
2013-07-19 19:15:10 395.92 15.15 12.86 50.34 98.34 0.0726 0.0920
2013-07-19 19:15:11 391.28 15.08 12.79 50.34 98.34 0.0720 0.0917
2013-07-19 19:15:12 394.59 15.14 12.84 50.37 98.29 0.0724 0.0919
2013-07-19 19:15:13 392.35 15.22 12.94 50.40 98.33 0.0721 0.0923
2013-07-19 19:15:14 393.65 15.23 12.95 50.34 98.33 0.0723 0.0924
2013-07-19 19:15:15 395.25 15.27 12.98 50.34 98.33 0.0725 0.0925
2013-07-19 19:15:16 392.50 15.23 12.94 50.34 98.32 0.0721 0.0924
2013-07-19 19:15:17 395.11 15.32 13.03 50.34 98.32 0.0725 0.0927
2013-07-19 19:15:18 393.90 15.38 13.09 50.34 98.32 0.0723 0.0930
2013-07-19 19:15:19 395.50 15.45 13.16 50.34 98.34 0.0726 0.0933
2013-07-19 19:15:20 394.94 15.46 13.17 50.40 98.33 0.0725 0.0933
2013-07-19 19:15:21 394.85 15.56 13.27 50.34 98.31 0.0725 0.0937
2013-07-19 19:15:22 397.54 15.56 13.26 50.34 98.27 0.0728 0.0937
2013-07-19 19:15:23 394.77 15.63 13.34 50.34 98.32 0.0725 0.0940
2013-07-19 19:15:24 393.81 15.56 13.27 50.34 98.32 0.0723 0.0937
2013-07-19 19:15:25 396.52 15.66 13.37 50.34 98.34 0.0727 0.0942
2013-07-19 19:15:26 394.52 15.62 13.33 50.37 98.32 0.0724 0.0940
2013-07-19 19:15:27 397.15 15.78 13.48 50.40 98.32 0.0728 0.0946
2013-07-19 19:15:28 394.91 15.78 13.49 50.34 98.31 0.0725 0.0946
2013-07-19 19:15:29 397.31 15.80 13.50 50.34 98.29 0.0728 0.0947
2013-07-19 19:15:30 394.37 15.78 13.48 50.34 98.29 0.0724 0.0946
2013-07-19 19:15:31 397.40 15.83 13.54 50.34 98.32 0.0728 0.0948
2013-07-19 19:15:32 397.52 15.86 13.56 50.34 98.29 0.0728 0.0950
2013-07-19 19:15:33 395.72 15.92 13.62 50.37 98.32 0.0726 0.0952
2013-07-19 19:15:34 396.62 16.03 13.73 50.40 98.29 0.0727 0.0956
2013-07-19 19:15:35 394.96 16.00 13.70 50.37 98.31 0.0725 0.0955
2013-07-19 19:15:36 396.77 16.02 13.71 50.34 98.29 0.0727 0.0956
2013-07-19 19:15:37 397.94 16.14 13.83 50.34 98.29 0.0729 0.0961
2013-07-19 19:15:38 395.73 16.05 13.75 50.34 98.32 0.0726 0.0957
2013-07-19 19:15:40 394.23 15.98 13.68 50.34 98.34 0.0724 0.0955
2013-07-19 19:15:41 397.30 16.05 13.74 50.34 98.29 0.0728 0.0957
2013-07-19 19:15:42 395.81 16.13 13.83 50.37 98.34 0.0726 0.0961
2013-07-19 19:15:43 397.19 16.13 13.82 50.37 98.31 0.0728 0.0960
2013-07-19 19:15:44 395.17 16.12 13.82 50.34 98.33 0.0725 0.0960
2013-07-19 19:15:45 396.81 16.17 13.85 50.34 98.29 0.0727 0.0962
2013-07-19 19:15:46 395.05 16.14 13.83 50.34 98.32 0.0725 0.0961
2013-07-19 19:15:47 395.97 16.19 13.88 50.34 98.29 0.0726 0.0963
2013-07-19 19:15:48 396.26 16.24 13.93 50.34 98.29 0.0726 0.0965
2013-07-19 19:15:49 395.91 16.29 13.97 50.34 98.32 0.0726 0.0967
2013-07-19 19:15:50 395.76 16.34 14.02 50.37 98.31 0.0726 0.0969
2013-07-19 19:15:51 398.49 16.40 14.08 50.34 98.33 0.0730 0.0971
2013-07-19 19:15:52 396.98 16.36 14.04 50.34 98.31 0.0728 0.0970
2013-07-19 19:15:53 395.57 16.41 14.08 50.34 98.32 0.0726 0.0972
2013-07-19 19:15:54 397.37 16.47 14.14 50.34 98.29 0.0728 0.0974
2013-07-19 19:15:55 396.46 16.38 14.06 50.34 98.34 0.0727 0.0971
2013-07-19 19:15:56 397.35 16.46 14.13 50.34 98.32 0.0728 0.0974
2013-07-19 19:15:57 397.83 16.50 14.17 50.34 98.32 0.0729 0.0976
2013-07-19 19:15:58 395.03 16.52 14.19 50.40 98.33 0.0725 0.0976
2013-07-19 19:15:59 398.96 16.54 14.21 50.34 98.31 0.0730 0.0977
2013-07-19 19:16:00 397.80 16.52 14.19 50.34 98.29 0.0729 0.0976
2013-07-19 19:16:01 398.49 16.57 14.24 50.34 98.32 0.0730 0.0978
2013-07-19 19:16:02 396.89 16.58 14.24 50.34 98.32 0.0728 0.0978
2013-07-19 19:16:03 398.46 16.73 14.39 50.34 98.34 0.0730 0.0985
2013-07-19 19:16:04 397.09 16.59 14.26 50.37 98.34 0.0728 0.0979
2013-07-19 19:16:05 399.29 16.68 14.34 50.40 98.33 0.0731 0.0983
2013-07-19 19:16:06 398.23 16.67 14.33 50.34 98.31 0.0729 0.0982
2013-07-19 19:16:07 397.14 16.67 14.33 50.34 98.31 0.0728 0.0982
2013-07-19 19:16:08 397.01 16.77 14.42 50.34 98.29 0.0728 0.0986
2013-07-19 19:16:09 396.80 16.70 14.35 50.34 98.32 0.0727 0.0983
2013-07-19 19:16:10 394.18 16.77 14.42 50.34 98.32 0.0724 0.0986
2013-07-19 19:16:11 398.66 16.81 14.46 50.37 98.32 0.0730 0.0988
2013-07-19 19:16:12 397.07 16.89 14.53 50.37 98.33 0.0728 0.0991
2013-07-19 19:16:13 400.01 16.90 14.54 50.40 98.31 0.0732 0.0991
2013-07-19 19:16:14 398.46 16.93 14.57 50.34 98.29 0.0729 0.0992
2013-07-19 19:16:15 399.39 16.90 14.54 50.34 98.31 0.0731 0.0991
2013-07-19 19:16:16 399.71 16.93 14.57 50.34 98.32 0.0731 0.0992
2013-07-19 19:16:17 400.67 16.97 14.61 50.34 98.33 0.0733 0.0994
2013-07-19 19:16:18 398.00 16.98 14.62 50.37 98.35 0.0729 0.0995
2013-07-19 19:16:19 399.34 16.98 14.62 50.37 98.31 0.0731 0.0995
2013-07-19 19:16:20 400.01 17.01 14.64 50.40 98.33 0.0732 0.0996
2013-07-19 19:16:21 397.18 17.00 14.64 50.34 98.33 0.0728 0.0995
2013-07-19 19:16:22 399.44 17.03 14.66 50.34 98.31 0.0731 0.0996
2013-07-19 19:16:23 397.34 17.04 14.67 50.34 98.33 0.0728 0.0997
2013-07-19 19:16:24 401.10 17.12 14.74 50.34 98.29 0.0733 0.1000
2013-07-19 19:16:25 398.76 17.07 14.70 50.34 98.31 0.0730 0.0998
2013-07-19 19:16:26 396.65 17.05 14.68 50.37 98.35 0.0727 0.0997
2013-07-19 19:16:27 395.45 17.05 14.68 50.40 98.33 0.0726 0.0997
2013-07-19 19:16:28 398.50 17.02 14.65 50.37 98.31 0.0730 0.0996
2013-07-19 19:16:29 397.37 17.04 14.67 50.34 98.31 0.0728 0.0997
2013-07-19 19:16:30 397.60 17.14 14.76 50.34 98.32 0.0729 0.1001
2013-07-19 19:16:31 398.81 17.17 14.79 50.34 98.32 0.0730 0.1002
2013-07-19 19:16:32 397.35 17.11 14.74 50.34 98.33 0.0728 0.1000
2013-07-19 19:16:33 398.08 17.12 14.74 50.37 98.33 0.0729 0.1000
2013-07-19 19:16:34 397.47 17.13 14.75 50.40 98.31 0.0728 0.1000
2013-07-19 19:16:35 397.73 17.26 14.87 50.34 98.31 0.0729 0.1005
2013-07-19 19:16:36 398.62 17.26 14.87 50.34 98.29 0.0730 0.1005
2013-07-19 19:16:37 399.43 17.24 14.85 50.34 98.32 0.0731 0.1005
2013-07-19 19:16:38 397.85 17.24 14.85 50.34 98.29 0.0729 0.1004
2013-07-19 19:16:39 398.94 17.28 14.89 50.34 98.34 0.0731 0.1007
2013-07-19 19:16:40 398.62 17.33 14.94 50.34 98.34 0.0730 0.1009
2013-07-19 19:16:41 397.22 17.26 14.86 50.37 98.31 0.0728 0.1005
2013-07-19 19:16:42 398.72 17.35 14.95 50.40 98.31 0.0730 0.1009
2013-07-19 19:16:43 401.67 17.42 15.00 50.34 98.29 0.0734 0.1011
2013-07-19 19:16:44 400.32 17.46 15.04 50.34 98.29 0.0732 0.1013
2013-07-19 19:16:45 400.57 17.36 14.95 50.34 98.29 0.0732 0.1009
2013-07-19 19:16:46 397.08 17.38 14.98 50.34 98.32 0.0728 0.1010
2013-07-19 19:16:47 400.11 17.43 15.03 50.34 98.34 0.0732 0.1012
2013-07-19 19:16:48 396.79 17.44 15.03 50.34 98.32 0.0727 0.1013
2013-07-19 19:16:49 398.85 17.39 14.98 50.40 98.31 0.0730 0.1010
2013-07-19 19:16:50 400.01 17.43 15.02 50.37 98.33 0.0732 0.1012
2013-07-19 19:16:51 398.26 17.53 15.11 50.34 98.31 0.0729 0.1016
2013-07-19 19:16:53 400.38 17.50 15.08 50.34 98.29 0.0732 0.1015
