"2013-08-04 at 18:27"
Date(Y-M-D) Time(H:M:S) CO2(ppm) H2O(ppt) H2O(C) Cell_Temperature(C) Cell_Pressure(kPa) CO2_Absorption H2O_Absorption
2013-08-04 18:27:03 384.11 9.89 6.41 50.34 97.62 0.0704 0.0675
2013-08-04 18:27:04 387.71 9.86 6.37 50.34 97.62 0.0709 0.0674
2013-08-04 18:27:05 385.06 9.95 6.49 50.37 97.64 0.0706 0.0678
2013-08-04 18:27:06 388.02 9.97 6.53 50.40 97.62 0.0710 0.0679
2013-08-04 18:27:07 386.54 10.02 6.60 50.40 97.64 0.0708 0.0682
2013-08-04 18:27:08 386.41 10.03 6.61 50.37 97.64 0.0708 0.0682
2013-08-04 18:27:09 386.59 9.97 6.52 50.34 97.61 0.0708 0.0679
2013-08-04 18:27:10 386.84 9.99 6.55 50.34 97.62 0.0708 0.0680
2013-08-04 18:27:11 387.11 10.01 6.59 50.34 97.62 0.0708 0.0682
2013-08-04 18:27:12 388.17 10.07 6.67 50.37 97.61 0.0710 0.0684
2013-08-04 18:27:13 385.78 9.88 6.40 50.40 97.64 0.0707 0.0675
2013-08-04 18:27:14 390.00 10.05 6.65 50.40 97.64 0.0712 0.0684
2013-08-04 18:27:15 385.94 10.12 6.73 50.37 97.61 0.0707 0.0686
2013-08-04 18:27:16 385.75 9.98 6.53 50.34 97.59 0.0706 0.0679
2013-08-04 18:27:17 388.56 10.06 6.65 50.34 97.60 0.0710 0.0684
2013-08-04 18:27:18 387.75 10.02 6.60 50.34 97.62 0.0709 0.0682
2013-08-04 18:27:19 388.89 10.07 6.66 50.34 97.62 0.0711 0.0684
2013-08-04 18:27:20 387.45 10.03 6.61 50.37 97.66 0.0709 0.0682
2013-08-04 18:27:21 387.88 9.96 6.51 50.40 97.64 0.0710 0.0679
2013-08-04 18:27:22 388.90 10.07 6.67 50.37 97.61 0.0711 0.0684
2013-08-04 18:27:23 385.38 10.03 6.60 50.37 97.61 0.0706 0.0682
2013-08-04 18:27:24 388.91 10.02 6.60 50.34 97.61 0.0711 0.0682
2013-08-04 18:27:25 388.70 10.20 6.85 50.34 97.62 0.0711 0.0691
2013-08-04 18:27:26 386.63 10.09 6.69 50.37 97.61 0.0708 0.0685
2013-08-04 18:27:27 387.51 10.04 6.63 50.40 97.64 0.0709 0.0683
2013-08-04 18:27:28 389.90 10.06 6.66 50.40 97.64 0.0712 0.0684
2013-08-04 18:27:29 388.11 9.99 6.54 50.40 97.61 0.0710 0.0680
2013-08-04 18:27:30 387.12 10.11 6.72 50.37 97.59 0.0708 0.0686
2013-08-04 18:27:31 388.85 10.11 6.72 50.34 97.61 0.0711 0.0686
2013-08-04 18:27:32 386.77 10.02 6.59 50.34 97.60 0.0708 0.0682
2013-08-04 18:27:33 386.62 10.10 6.71 50.37 97.64 0.0708 0.0686
2013-08-04 18:27:34 390.08 10.10 6.71 50.37 97.64 0.0713 0.0686
2013-08-04 18:27:35 388.74 10.16 6.79 50.37 97.64 0.0711 0.0689
2013-08-04 18:27:36 388.84 9.99 6.55 50.40 97.64 0.0711 0.0680
2013-08-04 18:27:37 389.65 10.11 6.73 50.37 97.64 0.0712 0.0686
2013-08-04 18:27:38 387.91 10.05 6.63 50.34 97.61 0.0709 0.0683
2013-08-04 18:27:39 387.63 10.04 6.63 50.34 97.61 0.0709 0.0683
2013-08-04 18:27:40 388.65 10.11 6.72 50.34 97.61 0.0711 0.0686
2013-08-04 18:27:41 388.59 10.09 6.70 50.37 97.66 0.0711 0.0685
2013-08-04 18:27:42 389.79 10.27 6.96 50.40 97.64 0.0712 0.0694
2013-08-04 18:27:43 389.48 10.07 6.67 50.40 97.65 0.0712 0.0684
2013-08-04 18:27:44 389.08 10.08 6.68 50.40 97.63 0.0711 0.0685
2013-08-04 18:27:45 391.39 10.07 6.66 50.34 97.59 0.0714 0.0684
2013-08-04 18:27:46 386.88 10.14 6.77 50.34 97.60 0.0708 0.0688
2013-08-04 18:27:47 391.13 10.17 6.81 50.34 97.61 0.0714 0.0689
2013-08-04 18:27:48 390.48 10.09 6.70 50.34 97.64 0.0713 0.0685
2013-08-04 18:27:49 390.29 10.07 6.67 50.37 97.64 0.0713 0.0684
2013-08-04 18:27:50 389.15 10.03 6.61 50.40 97.61 0.0711 0.0682
2013-08-04 18:27:51 388.09 10.25 6.92 50.40 97.61 0.0710 0.0693
2013-08-04 18:27:52 389.52 10.23 6.90 50.37 97.61 0.0712 0.0692
2013-08-04 18:27:53 389.01 10.09 6.70 50.34 97.60 0.0711 0.0685
2013-08-04 18:27:54 389.62 10.08 6.68 50.34 97.62 0.0712 0.0685
2013-08-04 18:27:55 388.52 10.00 6.57 50.34 97.62 0.0710 0.0681
2013-08-04 18:27:56 389.61 10.12 6.75 50.34 97.66 0.0712 0.0687
2013-08-04 18:27:57 389.50 10.14 6.77 50.40 97.64 0.0712 0.0688
2013-08-04 18:27:58 389.80 10.05 6.64 50.40 97.66 0.0712 0.0683
2013-08-04 18:27:59 388.80 10.08 6.68 50.37 97.61 0.0711 0.0685
2013-08-04 18:28:00 390.04 10.08 6.69 50.34 97.61 0.0712 0.0685
2013-08-04 18:28:01 390.67 10.07 6.67 50.34 97.61 0.0713 0.0684
2013-08-04 18:28:02 390.72 10.13 6.75 50.34 97.64 0.0713 0.0687
2013-08-04 18:28:03 388.69 10.04 6.63 50.34 97.64 0.0711 0.0683
2013-08-04 18:28:04 391.81 10.20 6.86 50.37 97.64 0.0715 0.0691
2013-08-04 18:28:05 391.15 10.10 6.71 50.40 97.64 0.0714 0.0686
2013-08-04 18:28:06 389.51 10.08 6.69 50.40 97.64 0.0712 0.0685
2013-08-04 18:28:07 388.97 10.18 6.81 50.34 97.59 0.0711 0.0689
2013-08-04 18:28:08 390.69 10.07 6.66 50.34 97.61 0.0713 0.0684
2013-08-04 18:28:09 389.19 10.17 6.81 50.34 97.62 0.0711 0.0689
2013-08-04 18:28:10 390.44 10.25 6.93 50.34 97.64 0.0713 0.0693
2013-08-04 18:28:11 391.11 10.11 6.73 50.37 97.62 0.0714 0.0686
2013-08-04 18:28:12 390.95 10.21 6.87 50.40 97.64 0.0714 0.0691
2013-08-04 18:28:13 390.44 10.12 6.75 50.40 97.64 0.0713 0.0687
2013-08-04 18:28:15 388.66 10.10 6.71 50.37 97.64 0.0711 0.0686
2013-08-04 18:28:16 391.81 10.15 6.79 50.34 97.63 0.0715 0.0688
2013-08-04 18:28:17 392.34 10.24 6.91 50.34 97.63 0.0716 0.0692
2013-08-04 18:28:18 389.51 10.13 6.75 50.34 97.63 0.0712 0.0687
2013-08-04 18:28:19 391.73 10.16 6.80 50.34 97.63 0.0715 0.0689
2013-08-04 18:28:20 391.80 10.16 6.80 50.40 97.65 0.0715 0.0689
2013-08-04 18:28:21 390.48 10.14 6.77 50.40 97.65 0.0713 0.0688
2013-08-04 18:28:22 391.71 10.21 6.88 50.40 97.63 0.0715 0.0691
2013-08-04 18:28:23 391.19 10.11 6.72 50.34 97.59 0.0714 0.0686
2013-08-04 18:28:24 390.26 10.18 6.82 50.34 97.61 0.0713 0.0690
2013-08-04 18:28:25 390.52 10.09 6.70 50.34 97.60 0.0713 0.0685
2013-08-04 18:28:26 391.39 10.27 6.95 50.34 97.62 0.0714 0.0694
2013-08-04 18:28:27 392.09 10.13 6.75 50.40 97.62 0.0715 0.0687
2013-08-04 18:28:28 389.97 10.11 6.72 50.40 97.62 0.0712 0.0686
2013-08-04 18:28:29 392.51 10.24 6.91 50.40 97.60 0.0716 0.0693
2013-08-04 18:28:30 391.66 10.13 6.75 50.37 97.60 0.0714 0.0687
2013-08-04 18:28:31 391.05 10.18 6.82 50.34 97.60 0.0714 0.0690
