"2013-08-03 at 11:31"
Date(Y-M-D) Time(H:M:S) CO2(ppm) H2O(ppt) H2O(C) Cell_Temperature(C) Cell_Pressure(kPa) CO2_Absorption H2O_Absorption
2013-08-03 11:31:22 389.86 7.43 2.46 50.32 98.61 0.0720 0.0550
2013-08-03 11:31:23 389.37 7.51 2.61 50.32 98.60 0.0719 0.0555
2013-08-03 11:31:24 388.11 7.58 2.75 50.29 98.60 0.0717 0.0559
2013-08-03 11:31:25 389.37 7.74 3.05 50.29 98.58 0.0719 0.0568
2013-08-03 11:31:26 387.05 7.58 2.75 50.29 98.59 0.0716 0.0559
2013-08-03 11:31:27 388.60 7.68 2.93 50.29 98.59 0.0718 0.0564
2013-08-03 11:31:28 391.61 7.83 3.21 50.32 98.61 0.0722 0.0573
2013-08-03 11:31:29 387.07 7.80 3.15 50.32 98.60 0.0716 0.0571
2013-08-03 11:31:30 389.97 7.86 3.26 50.32 98.60 0.0720 0.0574
2013-08-03 11:31:31 388.36 7.97 3.45 50.32 98.60 0.0718 0.0580
2013-08-03 11:31:32 387.26 7.91 3.35 50.32 98.60 0.0716 0.0577
2013-08-03 11:31:33 389.11 7.98 3.47 50.29 98.58 0.0718 0.0581
2013-08-03 11:31:34 389.60 8.07 3.63 50.29 98.60 0.0719 0.0586
2013-08-03 11:31:35 389.27 8.18 3.83 50.32 98.63 0.0719 0.0592
2013-08-03 11:31:36 390.78 8.21 3.88 50.32 98.63 0.0721 0.0594
2013-08-03 11:31:37 386.07 8.15 3.77 50.32 98.60 0.0714 0.0590
2013-08-03 11:31:38 391.58 8.16 3.80 50.32 98.62 0.0722 0.0591
2013-08-03 11:31:39 387.74 8.23 3.91 50.32 98.60 0.0717 0.0595
2013-08-03 11:31:40 390.55 8.39 4.18 50.32 98.58 0.0720 0.0603
2013-08-03 11:31:41 389.12 8.31 4.04 50.32 98.60 0.0719 0.0599
2013-08-03 11:31:42 388.57 8.41 4.22 50.32 98.60 0.0718 0.0604
2013-08-03 11:31:43 391.02 8.44 4.26 50.32 98.60 0.0721 0.0606
2013-08-03 11:31:44 389.08 8.49 4.35 50.34 98.63 0.0719 0.0609
2013-08-03 11:31:45 391.30 8.48 4.34 50.34 98.62 0.0722 0.0608
2013-08-03 11:31:46 390.76 8.53 4.42 50.34 98.62 0.0721 0.0611
2013-08-03 11:31:47 389.69 8.65 4.61 50.32 98.60 0.0719 0.0617
2013-08-03 11:31:48 392.12 8.60 4.55 50.32 98.62 0.0723 0.0615
2013-08-03 11:31:49 388.17 8.70 4.71 50.29 98.60 0.0717 0.0620
2013-08-03 11:31:50 391.55 8.74 4.77 50.32 98.62 0.0722 0.0622
2013-08-03 11:31:51 389.79 8.81 4.88 50.32 98.64 0.0720 0.0626
2013-08-03 11:31:52 391.20 8.86 4.96 50.34 98.60 0.0721 0.0628
2013-08-03 11:31:53 390.52 8.74 4.76 50.37 98.62 0.0721 0.0622
2013-08-03 11:31:54 388.33 8.97 5.15 50.34 98.62 0.0718 0.0635
2013-08-03 11:31:55 393.01 8.81 4.89 50.34 98.60 0.0724 0.0626
2013-08-03 11:31:56 390.63 8.96 5.12 50.32 98.60 0.0721 0.0634
2013-08-03 11:31:57 392.33 9.03 5.23 50.34 98.60 0.0723 0.0637
2013-08-03 11:31:58 391.29 9.05 5.27 50.34 98.60 0.0722 0.0639
2013-08-03 11:31:59 390.61 9.08 5.32 50.34 98.63 0.0721 0.0640
2013-08-03 11:32:00 393.88 9.05 5.28 50.37 98.62 0.0725 0.0639
2013-08-03 11:32:01 391.52 9.08 5.32 50.34 98.62 0.0722 0.0640
2013-08-03 11:32:02 391.50 9.13 5.39 50.34 98.60 0.0722 0.0642
2013-08-03 11:32:03 390.40 9.19 5.49 50.34 98.60 0.0720 0.0646
2013-08-03 11:32:04 390.74 9.24 5.57 50.34 98.60 0.0721 0.0648
2013-08-03 11:32:05 392.46 9.25 5.59 50.34 98.60 0.0723 0.0649
2013-08-03 11:32:06 392.57 9.23 5.55 50.34 98.60 0.0723 0.0648
2013-08-03 11:32:08 391.32 9.26 5.60 50.37 98.62 0.0722 0.0649
2013-08-03 11:32:09 392.95 9.26 5.60 50.34 98.60 0.0724 0.0650
2013-08-03 11:32:10 391.08 9.42 5.84 50.34 98.60 0.0721 0.0658
2013-08-03 11:32:11 393.46 9.32 5.70 50.34 98.60 0.0725 0.0653
2013-08-03 11:32:12 391.46 9.35 5.74 50.34 98.60 0.0722 0.0654
2013-08-03 11:32:13 391.93 9.44 5.88 50.34 98.60 0.0722 0.0659
2013-08-03 11:32:14 388.98 9.45 5.89 50.34 98.62 0.0719 0.0659
2013-08-03 11:32:15 393.28 9.42 5.85 50.37 98.62 0.0724 0.0658
2013-08-03 11:32:16 389.52 9.51 5.98 50.37 98.60 0.0719 0.0662
2013-08-03 11:32:17 393.72 9.56 6.05 50.34 98.60 0.0725 0.0665
2013-08-03 11:32:18 390.90 9.57 6.08 50.34 98.62 0.0721 0.0666
2013-08-03 11:32:19 391.70 9.60 6.12 50.34 98.62 0.0722 0.0667
2013-08-03 11:32:20 394.33 9.56 6.06 50.34 98.60 0.0726 0.0665
2013-08-03 11:32:21 390.93 9.55 6.05 50.34 98.62 0.0721 0.0664
2013-08-03 11:32:22 391.08 9.61 6.15 50.37 98.64 0.0722 0.0668
2013-08-03 11:32:23 391.12 9.72 6.30 50.37 98.60 0.0721 0.0673
2013-08-03 11:32:24 393.25 9.67 6.23 50.34 98.62 0.0724 0.0671
2013-08-03 11:32:25 393.72 9.67 6.23 50.34 98.60 0.0725 0.0671
2013-08-03 11:32:26 391.25 9.68 6.23 50.34 98.60 0.0721 0.0671
2013-08-03 11:32:27 393.21 9.72 6.30 50.34 98.60 0.0724 0.0673
2013-08-03 11:32:28 391.72 9.75 6.34 50.37 98.64 0.0722 0.0675
2013-08-03 11:32:29 393.58 9.82 6.45 50.37 98.62 0.0725 0.0678
2013-08-03 11:32:30 392.99 9.82 6.45 50.37 98.62 0.0724 0.0678
2013-08-03 11:32:31 394.65 9.83 6.47 50.40 98.62 0.0726 0.0679
2013-08-03 11:32:32 393.39 9.80 6.41 50.34 98.62 0.0725 0.0677
2013-08-03 11:32:33 393.16 9.82 6.44 50.34 98.60 0.0724 0.0678
2013-08-03 11:32:34 392.08 9.82 6.45 50.34 98.62 0.0723 0.0678
2013-08-03 11:32:35 393.97 9.80 6.41 50.34 98.62 0.0725 0.0677
2013-08-03 11:32:36 395.78 9.91 6.58 50.34 98.62 0.0728 0.0683
2013-08-03 11:32:37 393.11 9.89 6.55 50.37 98.62 0.0724 0.0682
2013-08-03 11:32:38 392.70 9.85 6.50 50.37 98.62 0.0724 0.0680
2013-08-03 11:32:39 392.69 9.84 6.48 50.34 98.62 0.0724 0.0679
2013-08-03 11:32:40 393.81 9.92 6.59 50.34 98.60 0.0725 0.0683
2013-08-03 11:32:41 393.59 9.95 6.63 50.34 98.62 0.0725 0.0685
2013-08-03 11:32:42 392.99 9.93 6.60 50.34 98.60 0.0724 0.0684
2013-08-03 11:32:43 392.92 9.93 6.61 50.34 98.63 0.0724 0.0684
2013-08-03 11:32:44 393.20 9.89 6.56 50.34 98.64 0.0724 0.0682
2013-08-03 11:32:45 391.51 9.89 6.56 50.37 98.62 0.0722 0.0682
2013-08-03 11:32:46 392.53 10.11 6.87 50.34 98.60 0.0723 0.0693
2013-08-03 11:32:47 394.13 9.93 6.62 50.34 98.60 0.0725 0.0684
2013-08-03 11:32:48 395.13 10.04 6.77 50.34 98.62 0.0727 0.0689
2013-08-03 11:32:49 392.56 10.04 6.78 50.34 98.60 0.0723 0.0690
2013-08-03 11:32:50 393.40 10.03 6.75 50.34 98.62 0.0725 0.0689
2013-08-03 11:32:51 392.87 10.09 6.85 50.37 98.62 0.0724 0.0692
2013-08-03 11:32:52 394.56 10.11 6.87 50.37 98.62 0.0726 0.0693
2013-08-03 11:32:53 390.16 10.08 6.83 50.40 98.62 0.0720 0.0691
2013-08-03 11:32:54 397.51 10.08 6.82 50.34 98.60 0.0730 0.0691
2013-08-03 11:32:55 393.66 10.18 6.98 50.34 98.62 0.0725 0.0697
