"2013-07-19 at 19:17"
Date(Y-M-D) Time(H:M:S) CO2(ppm) H2O(ppt) H2O(C) Cell_Temperature(C) Cell_Pressure(kPa) CO2_Absorption H2O_Absorption
2013-07-19 19:17:47 411.90 16.34 14.02 50.34 98.32 0.0748 0.0969
2013-07-19 19:17:48 410.34 16.12 13.81 50.37 98.32 0.0745 0.0960
2013-07-19 19:17:49 410.91 16.26 13.95 50.37 98.29 0.0746 0.0966
2013-07-19 19:17:50 411.57 16.28 13.97 50.34 98.32 0.0747 0.0967
2013-07-19 19:17:51 409.47 16.35 14.03 50.34 98.32 0.0744 0.0970
2013-07-19 19:17:52 413.48 16.44 14.11 50.34 98.32 0.0750 0.0973
2013-07-19 19:17:53 412.33 16.39 14.06 50.34 98.29 0.0748 0.0971
2013-07-19 19:17:54 412.95 16.47 14.14 50.34 98.32 0.0749 0.0974
2013-07-19 19:17:55 411.92 16.49 14.16 50.34 98.29 0.0747 0.0975
2013-07-19 19:17:56 414.00 16.54 14.21 50.34 98.34 0.0751 0.0977
2013-07-19 19:17:57 411.57 16.56 14.22 50.40 98.32 0.0747 0.0978
2013-07-19 19:17:58 417.01 16.56 14.23 50.34 98.31 0.0754 0.0978
2013-07-19 19:17:59 415.86 16.58 14.25 50.34 98.29 0.0753 0.0979
2013-07-19 19:18:00 413.37 16.61 14.27 50.34 98.29 0.0749 0.0980
2013-07-19 19:18:01 414.73 16.67 14.33 50.34 98.30 0.0751 0.0982
2013-07-19 19:18:02 412.75 16.59 14.25 50.34 98.34 0.0749 0.0979
2013-07-19 19:18:03 417.35 16.69 14.34 50.34 98.32 0.0755 0.0983
2013-07-19 19:18:04 413.49 16.66 14.32 50.40 98.29 0.0749 0.0981
2013-07-19 19:18:05 416.48 16.74 14.39 50.40 98.29 0.0753 0.0985
2013-07-19 19:18:06 413.25 16.68 14.33 50.34 98.29 0.0749 0.0982
2013-07-19 19:18:07 415.10 16.75 14.40 50.34 98.29 0.0752 0.0985
2013-07-19 19:18:08 415.78 16.80 14.45 50.34 98.32 0.0753 0.0987
2013-07-19 19:18:09 416.66 16.82 14.47 50.34 98.34 0.0754 0.0988
2013-07-19 19:18:10 415.74 16.81 14.46 50.34 98.32 0.0753 0.0988
2013-07-19 19:18:11 414.60 16.82 14.47 50.40 98.29 0.0751 0.0988
2013-07-19 19:18:12 417.56 16.92 14.56 50.37 98.31 0.0755 0.0992
2013-07-19 19:18:13 415.81 16.81 14.45 50.34 98.29 0.0753 0.0987
2013-07-19 19:18:14 414.70 16.88 14.52 50.34 98.29 0.0751 0.0990
2013-07-19 19:18:15 413.52 16.80 14.45 50.34 98.32 0.0750 0.0987
2013-07-19 19:18:16 417.13 16.93 14.57 50.34 98.34 0.0755 0.0993
2013-07-19 19:18:17 416.80 16.87 14.51 50.34 98.32 0.0754 0.0990
2013-07-19 19:18:18 413.73 16.90 14.54 50.37 98.34 0.0750 0.0991
2013-07-19 19:18:19 419.10 16.97 14.60 50.37 98.29 0.0757 0.0994
2013-07-19 19:18:20 416.25 16.95 14.59 50.34 98.33 0.0754 0.0994
2013-07-19 19:18:21 418.70 16.95 14.59 50.34 98.32 0.0757 0.0993
2013-07-19 19:18:22 417.66 16.97 14.60 50.34 98.32 0.0755 0.0994
2013-07-19 19:18:23 415.09 16.88 14.52 50.34 98.30 0.0752 0.0990
2013-07-19 19:18:24 418.90 16.98 14.61 50.34 98.32 0.0757 0.0994
2013-07-19 19:18:25 417.13 16.98 14.62 50.37 98.32 0.0755 0.0995
2013-07-19 19:18:26 418.21 16.98 14.61 50.40 98.29 0.0756 0.0994
2013-07-19 19:18:27 416.84 16.95 14.59 50.34 98.33 0.0754 0.0994
2013-07-19 19:18:28 413.48 16.91 14.55 50.34 98.29 0.0750 0.0992
2013-07-19 19:18:29 417.50 16.99 14.62 50.34 98.32 0.0755 0.0995
2013-07-19 19:18:30 415.12 16.91 14.55 50.34 98.32 0.0752 0.0992
2013-07-19 19:18:31 414.72 16.87 14.51 50.34 98.32 0.0751 0.0990
2013-07-19 19:18:32 416.89 16.98 14.62 50.34 98.32 0.0754 0.0995
2013-07-19 19:18:33 415.39 16.98 14.61 50.37 98.29 0.0752 0.0994
2013-07-19 19:18:34 417.88 16.95 14.59 50.40 98.33 0.0756 0.0993
2013-07-19 19:18:35 416.56 17.07 14.69 50.34 98.31 0.0754 0.0998
2013-07-19 19:18:36 419.04 17.04 14.67 50.34 98.31 0.0757 0.0997
2013-07-19 19:18:37 418.44 17.03 14.65 50.34 98.29 0.0756 0.0996
2013-07-19 19:18:38 417.84 16.98 14.62 50.34 98.32 0.0756 0.0995
2013-07-19 19:18:39 417.12 17.06 14.69 50.34 98.29 0.0754 0.0998
2013-07-19 19:18:40 418.72 17.06 14.70 50.37 98.35 0.0757 0.0998
2013-07-19 19:18:41 417.67 17.05 14.68 50.40 98.33 0.0755 0.0997
2013-07-19 19:18:42 420.28 17.06 14.68 50.34 98.31 0.0759 0.0997
2013-07-19 19:18:43 418.33 17.01 14.64 50.34 98.31 0.0756 0.0996
2013-07-19 19:18:44 415.18 16.99 14.62 50.34 98.29 0.0752 0.0995
2013-07-19 19:18:45 417.28 17.01 14.64 50.34 98.29 0.0755 0.0995
2013-07-19 19:18:47 415.69 16.99 14.62 50.34 98.32 0.0753 0.0995
2013-07-19 19:18:48 418.17 17.08 14.71 50.37 98.33 0.0756 0.0998
2013-07-19 19:18:49 416.15 16.96 14.60 50.40 98.33 0.0753 0.0994
2013-07-19 19:18:50 418.32 17.06 14.69 50.40 98.31 0.0756 0.0997
2013-07-19 19:18:51 419.59 17.05 14.67 50.34 98.29 0.0758 0.0997
2013-07-19 19:18:52 417.68 17.06 14.68 50.34 98.29 0.0755 0.0997
2013-07-19 19:18:53 419.00 17.13 14.75 50.34 98.29 0.0757 0.1000
2013-07-19 19:18:54 416.16 17.08 14.71 50.34 98.34 0.0753 0.0998
2013-07-19 19:18:55 419.58 17.15 14.77 50.37 98.29 0.0758 0.1001
2013-07-19 19:18:56 417.76 17.12 14.74 50.37 98.29 0.0755 0.1000
2013-07-19 19:18:57 421.18 17.24 14.85 50.40 98.33 0.0760 0.1005
2013-07-19 19:18:58 417.65 17.13 14.75 50.34 98.33 0.0755 0.1000
2013-07-19 19:18:59 420.61 17.11 14.73 50.34 98.32 0.0759 0.0999
2013-07-19 19:19:00 420.68 17.20 14.81 50.34 98.29 0.0759 0.1003
2013-07-19 19:19:01 417.95 17.05 14.68 50.34 98.32 0.0756 0.0997
2013-07-19 19:19:02 416.57 17.08 14.70 50.34 98.32 0.0754 0.0998
2013-07-19 19:19:03 421.60 17.20 14.82 50.37 98.34 0.0761 0.1003
2013-07-19 19:19:04 420.63 17.21 14.83 50.40 98.33 0.0759 0.1004
2013-07-19 19:19:05 421.92 17.15 14.77 50.37 98.31 0.0761 0.1001
2013-07-19 19:19:06 420.08 17.20 14.81 50.34 98.29 0.0758 0.1003
2013-07-19 19:19:07 419.00 17.05 14.67 50.34 98.29 0.0757 0.0997
2013-07-19 19:19:08 420.60 17.11 14.74 50.34 98.32 0.0759 0.1000
2013-07-19 19:19:09 421.07 17.13 14.76 50.34 98.34 0.0760 0.1001
2013-07-19 19:19:10 417.66 17.12 14.75 50.34 98.32 0.0755 0.1000
2013-07-19 19:19:11 418.95 17.08 14.70 50.40 98.32 0.0757 0.0998
2013-07-19 19:19:12 419.20 17.18 14.80 50.37 98.31 0.0757 0.1002
2013-07-19 19:19:13 417.74 17.10 14.72 50.34 98.29 0.0755 0.0999
2013-07-19 19:19:14 420.79 17.05 14.68 50.34 98.29 0.0759 0.0997
2013-07-19 19:19:15 419.77 17.10 14.72 50.34 98.34 0.0758 0.0999
2013-07-19 19:19:16 420.83 17.15 14.77 50.34 98.34 0.0760 0.1001
2013-07-19 19:19:17 418.88 17.07 14.69 50.34 98.32 0.0757 0.0998
2013-07-19 19:19:18 417.09 17.08 14.71 50.37 98.29 0.0754 0.0998
2013-07-19 19:19:19 420.47 17.18 14.79 50.40 98.29 0.0759 0.1002
2013-07-19 19:19:20 419.94 17.18 14.79 50.34 98.27 0.0758 0.1002
2013-07-19 19:19:21 419.69 17.17 14.78 50.34 98.29 0.0758 0.1002
2013-07-19 19:19:22 422.22 17.14 14.76 50.34 98.32 0.0761 0.1001
2013-07-19 19:19:23 417.54 17.10 14.73 50.34 98.34 0.0755 0.1000
2013-07-19 19:19:24 421.07 17.20 14.81 50.37 98.32 0.0760 0.1003
2013-07-19 19:19:25 418.65 17.12 14.75 50.37 98.32 0.0757 0.1000
2013-07-19 19:19:26 421.10 17.26 14.87 50.40 98.32 0.0760 0.1006
2013-07-19 19:19:27 421.33 17.19 14.81 50.37 98.32 0.0760 0.1003
2013-07-19 19:19:28 421.19 17.24 14.84 50.34 98.27 0.0760 0.1004
2013-07-19 19:19:29 418.69 17.27 14.88 50.34 98.29 0.0756 0.1006
2013-07-19 19:19:30 422.50 17.23 14.84 50.34 98.28 0.0761 0.1004
2013-07-19 19:19:31 421.33 17.11 14.73 50.34 98.32 0.0760 0.1000
2013-07-19 19:19:32 420.40 17.15 14.77 50.34 98.32 0.0759 0.1001
2013-07-19 19:19:33 421.04 17.22 14.83 50.37 98.32 0.0760 0.1004
2013-07-19 19:19:34 422.00 17.32 14.92 50.40 98.32 0.0761 0.1008
2013-07-19 19:19:35 424.72 17.34 14.94 50.34 98.29 0.0764 0.1008
2013-07-19 19:19:36 428.84 17.44 15.03 50.34 98.30 0.0770 0.1012
2013-07-19 19:19:37 427.85 17.44 15.03 50.34 98.28 0.0768 0.1012
2013-07-19 19:19:38 422.37 17.19 14.80 50.34 98.28 0.0761 0.1002
2013-07-19 19:19:39 421.84 17.23 14.84 50.34 98.34 0.0761 0.1004
2013-07-19 19:19:40 425.17 17.19 14.81 50.37 98.32 0.0765 0.1003
2013-07-19 19:19:41 424.19 17.23 14.84 50.40 98.32 0.0764 0.1004
2013-07-19 19:19:42 422.93 17.29 14.89 50.34 98.29 0.0762 0.1006
2013-07-19 19:19:43 424.59 17.28 14.88 50.34 98.29 0.0764 0.1006
2013-07-19 19:19:44 425.81 17.36 14.95 50.34 98.28 0.0766 0.1009
2013-07-19 19:19:45 421.89 17.28 14.89 50.34 98.30 0.0761 0.1006
2013-07-19 19:19:46 425.89 17.23 14.85 50.34 98.32 0.0766 0.1005
2013-07-19 19:19:47 423.68 17.29 14.89 50.37 98.32 0.0763 0.1006
2013-07-19 19:19:48 427.49 17.36 14.96 50.37 98.32 0.0768 0.1009
2013-07-19 19:19:49 423.00 17.30 14.90 50.37 98.29 0.0762 0.1007
2013-07-19 19:19:50 425.04 17.32 14.91 50.34 98.29 0.0765 0.1007
2013-07-19 19:19:51 424.91 17.33 14.93 50.34 98.29 0.0765 0.1008
2013-07-19 19:19:52 424.07 17.29 14.89 50.34 98.30 0.0764 0.1007
2013-07-19 19:19:53 424.61 17.39 14.99 50.34 98.32 0.0764 0.1011
2013-07-19 19:19:54 423.91 17.34 14.94 50.37 98.34 0.0764 0.1009
2013-07-19 19:19:55 427.48 17.37 14.97 50.40 98.32 0.0768 0.1010
2013-07-19 19:19:56 426.91 17.46 15.05 50.37 98.32 0.0767 0.1013
2013-07-19 19:19:57 427.04 17.40 14.99 50.34 98.27 0.0767 0.1011
2013-07-19 19:19:59 427.66 17.45 15.03 50.34 98.29 0.0768 0.1013
2013-07-19 19:20:00 428.19 17.47 15.06 50.34 98.32 0.0769 0.1014
2013-07-19 19:20:01 432.44 17.49 15.07 50.34 98.30 0.0775 0.1014
