"2013-07-18 at 17:59"
Date(Y-M-D) Time(H:M:S) CO2(ppm) H2O(ppt) H2O(C) Cell_Temperature(C) Cell_Pressure(kPa) CO2_Absorption H2O_Absorption
2013-07-18 17:59:33 387.33 11.80 9.13 50.34 98.51 0.0716 0.0774
2013-07-18 17:59:34 386.89 11.70 9.00 50.34 98.53 0.0715 0.0769
2013-07-18 17:59:35 388.85 11.87 9.21 50.34 98.51 0.0718 0.0777
2013-07-18 17:59:36 388.21 11.83 9.17 50.34 98.52 0.0717 0.0776
2013-07-18 17:59:37 387.57 11.82 9.16 50.34 98.55 0.0716 0.0775
2013-07-18 17:59:38 388.97 11.95 9.32 50.34 98.53 0.0718 0.0781
2013-07-18 17:59:39 386.88 11.88 9.24 50.37 98.53 0.0715 0.0778
2013-07-18 17:59:40 389.46 11.97 9.35 50.37 98.53 0.0719 0.0782
2013-07-18 17:59:41 387.44 11.97 9.34 50.34 98.51 0.0716 0.0782
2013-07-18 17:59:42 389.13 12.06 9.45 50.34 98.53 0.0718 0.0786
2013-07-18 17:59:43 389.37 12.07 9.46 50.34 98.51 0.0718 0.0786
2013-07-18 17:59:44 386.62 12.09 9.49 50.34 98.52 0.0715 0.0787
2013-07-18 17:59:45 389.22 12.07 9.47 50.34 98.55 0.0719 0.0787
2013-07-18 17:59:46 387.10 12.14 9.56 50.37 98.53 0.0715 0.0790
2013-07-18 17:59:47 387.95 12.14 9.56 50.40 98.53 0.0717 0.0790
2013-07-18 17:59:48 389.91 12.29 9.74 50.34 98.54 0.0719 0.0797
2013-07-18 17:59:49 388.53 12.18 9.60 50.34 98.53 0.0717 0.0792
2013-07-18 17:59:50 386.90 12.25 9.69 50.34 98.51 0.0715 0.0795
2013-07-18 17:59:51 386.23 12.25 9.69 50.34 98.55 0.0715 0.0795
2013-07-18 17:59:52 387.97 12.28 9.73 50.34 98.55 0.0717 0.0797
2013-07-18 17:59:53 389.39 12.36 9.83 50.37 98.55 0.0719 0.0800
2013-07-18 17:59:54 387.47 12.35 9.81 50.40 98.53 0.0716 0.0800
2013-07-18 17:59:55 390.10 12.33 9.79 50.34 98.57 0.0720 0.0799
2013-07-18 17:59:56 388.90 12.40 9.87 50.34 98.51 0.0718 0.0802
2013-07-18 17:59:57 389.64 12.44 9.91 50.34 98.51 0.0719 0.0803
2013-07-18 17:59:58 389.17 12.43 9.91 50.34 98.55 0.0719 0.0804
2013-07-18 17:59:59 388.69 12.49 9.98 50.34 98.55 0.0718 0.0806
2013-07-18 18:00:00 390.21 12.47 9.96 50.34 98.53 0.0720 0.0805
2013-07-18 18:00:01 390.53 12.53 10.03 50.34 98.53 0.0720 0.0808
2013-07-18 18:00:02 390.94 12.56 10.07 50.37 98.55 0.0721 0.0809
2013-07-18 18:00:03 390.25 12.57 10.06 50.37 98.51 0.0720 0.0809
2013-07-18 18:00:04 389.34 12.57 10.07 50.34 98.51 0.0718 0.0809
2013-07-18 18:00:05 388.92 12.59 10.10 50.34 98.53 0.0718 0.0811
2013-07-18 18:00:06 389.35 12.62 10.13 50.34 98.53 0.0719 0.0812
2013-07-18 18:00:07 390.01 12.63 10.15 50.34 98.53 0.0720 0.0813
2013-07-18 18:00:08 387.53 12.69 10.22 50.37 98.53 0.0716 0.0815
2013-07-18 18:00:09 390.64 12.68 10.20 50.37 98.55 0.0721 0.0815
2013-07-18 18:00:10 389.97 12.68 10.21 50.34 98.53 0.0719 0.0815
2013-07-18 18:00:11 390.91 12.70 10.22 50.34 98.53 0.0721 0.0815
2013-07-18 18:00:12 389.65 12.78 10.32 50.34 98.51 0.0719 0.0819
2013-07-18 18:00:13 389.75 12.75 10.29 50.34 98.53 0.0719 0.0818
2013-07-18 18:00:14 392.31 12.79 10.33 50.34 98.53 0.0723 0.0820
2013-07-18 18:00:15 390.38 12.78 10.32 50.37 98.55 0.0720 0.0819
2013-07-18 18:00:16 389.69 12.77 10.31 50.37 98.55 0.0719 0.0819
2013-07-18 18:00:17 391.77 12.88 10.44 50.40 98.53 0.0722 0.0824
2013-07-18 18:00:18 390.75 12.88 10.43 50.34 98.51 0.0720 0.0823
2013-07-18 18:00:19 390.08 12.85 10.40 50.34 98.53 0.0720 0.0822
2013-07-18 18:00:20 390.26 12.87 10.42 50.34 98.52 0.0720 0.0823
2013-07-18 18:00:21 391.08 12.93 10.50 50.34 98.53 0.0721 0.0826
2013-07-18 18:00:22 390.61 12.89 10.45 50.34 98.53 0.0720 0.0824
2013-07-18 18:00:23 390.53 12.95 10.52 50.37 98.53 0.0720 0.0827
2013-07-18 18:00:24 390.65 13.06 10.65 50.40 98.54 0.0720 0.0832
2013-07-18 18:00:25 392.13 12.97 10.55 50.34 98.57 0.0723 0.0828
2013-07-18 18:00:27 389.22 13.00 10.58 50.34 98.53 0.0718 0.0829
2013-07-18 18:00:28 390.93 13.06 10.64 50.34 98.53 0.0721 0.0832
2013-07-18 18:00:29 393.18 13.01 10.59 50.34 98.55 0.0724 0.0830
2013-07-18 18:00:30 390.15 13.15 10.75 50.34 98.55 0.0720 0.0836
2013-07-18 18:00:31 390.70 13.07 10.66 50.37 98.53 0.0720 0.0832
2013-07-18 18:00:32 392.40 13.15 10.76 50.40 98.54 0.0723 0.0836
2013-07-18 18:00:33 394.28 13.13 10.72 50.34 98.52 0.0725 0.0835
2013-07-18 18:00:34 390.35 13.06 10.64 50.34 98.51 0.0720 0.0831
2013-07-18 18:00:35 391.35 13.12 10.72 50.34 98.51 0.0721 0.0834
2013-07-18 18:00:36 391.97 13.13 10.72 50.34 98.53 0.0722 0.0835
2013-07-18 18:00:37 389.99 13.08 10.68 50.34 98.55 0.0720 0.0833
2013-07-18 18:00:38 393.07 13.15 10.75 50.34 98.55 0.0724 0.0836
2013-07-18 18:00:39 388.35 13.09 10.69 50.37 98.54 0.0717 0.0833
2013-07-18 18:00:40 392.18 13.12 10.72 50.37 98.54 0.0723 0.0835
2013-07-18 18:00:41 390.95 13.10 10.69 50.34 98.54 0.0721 0.0834
2013-07-18 18:00:42 391.66 13.19 10.79 50.34 98.51 0.0722 0.0837
2013-07-18 18:00:43 391.74 13.18 10.78 50.34 98.53 0.0722 0.0837
2013-07-18 18:00:44 391.38 13.20 10.81 50.34 98.53 0.0721 0.0838
2013-07-18 18:00:45 391.60 13.19 10.80 50.37 98.54 0.0722 0.0838
2013-07-18 18:00:46 390.20 13.15 10.75 50.40 98.54 0.0720 0.0836
2013-07-18 18:00:47 392.12 13.20 10.81 50.40 98.54 0.0722 0.0838
2013-07-18 18:00:48 392.38 13.23 10.83 50.34 98.52 0.0723 0.0839
2013-07-18 18:00:49 389.87 13.07 10.65 50.34 98.52 0.0719 0.0832
2013-07-18 18:00:50 392.56 13.21 10.82 50.34 98.53 0.0723 0.0838
2013-07-18 18:00:51 392.06 13.23 10.84 50.34 98.53 0.0722 0.0839
2013-07-18 18:00:52 388.69 13.17 10.78 50.37 98.57 0.0718 0.0837
2013-07-18 18:00:53 391.07 13.28 10.90 50.37 98.54 0.0721 0.0842
2013-07-18 18:00:54 391.13 13.17 10.78 50.40 98.54 0.0721 0.0837
2013-07-18 18:00:55 391.39 13.19 10.80 50.34 98.57 0.0722 0.0838
2013-07-18 18:00:56 392.51 13.21 10.82 50.34 98.54 0.0723 0.0839
2013-07-18 18:00:57 392.18 13.22 10.83 50.34 98.54 0.0723 0.0839
2013-07-18 18:00:58 391.46 13.19 10.80 50.34 98.53 0.0722 0.0838
2013-07-18 18:00:59 390.82 13.24 10.85 50.34 98.53 0.0721 0.0840
2013-07-18 18:01:00 392.87 13.26 10.88 50.34 98.55 0.0724 0.0841
2013-07-18 18:01:01 391.02 13.21 10.82 50.40 98.57 0.0721 0.0839
2013-07-18 18:01:02 391.44 13.24 10.86 50.37 98.57 0.0722 0.0840
2013-07-18 18:01:03 391.90 13.29 10.91 50.34 98.54 0.0722 0.0842
2013-07-18 18:01:04 393.74 13.28 10.90 50.34 98.54 0.0725 0.0842
2013-07-18 18:01:05 389.17 13.26 10.88 50.34 98.54 0.0719 0.0841
2013-07-18 18:01:06 392.79 13.36 10.99 50.34 98.57 0.0724 0.0845
2013-07-18 18:01:07 390.96 13.22 10.84 50.34 98.57 0.0721 0.0839
2013-07-18 18:01:08 392.07 13.32 10.94 50.37 98.54 0.0722 0.0843
2013-07-18 18:01:09 390.02 13.23 10.85 50.40 98.57 0.0720 0.0840
2013-07-18 18:01:10 392.44 13.25 10.86 50.34 98.52 0.0723 0.0840
2013-07-18 18:01:11 391.69 13.25 10.86 50.34 98.52 0.0722 0.0840
2013-07-18 18:01:12 391.16 13.26 10.87 50.34 98.52 0.0721 0.0840
2013-07-18 18:01:13 391.91 13.37 11.00 50.34 98.55 0.0722 0.0846
2013-07-18 18:01:14 391.60 13.24 10.85 50.34 98.53 0.0722 0.0840
2013-07-18 18:01:15 392.72 13.26 10.87 50.37 98.54 0.0723 0.0841
2013-07-18 18:01:16 390.37 13.30 10.92 50.37 98.57 0.0720 0.0843
2013-07-18 18:01:17 389.88 13.30 10.93 50.37 98.56 0.0720 0.0843
2013-07-18 18:01:18 392.33 13.28 10.90 50.34 98.52 0.0723 0.0842
2013-07-18 18:01:19 393.44 13.29 10.91 50.34 98.54 0.0724 0.0842
2013-07-18 18:01:20 390.19 13.36 10.99 50.34 98.54 0.0720 0.0845
2013-07-18 18:01:21 391.82 13.27 10.89 50.34 98.54 0.0722 0.0841
2013-07-18 18:01:22 390.55 13.31 10.94 50.37 98.57 0.0721 0.0843
2013-07-18 18:01:23 391.76 13.31 10.94 50.37 98.58 0.0722 0.0843
2013-07-18 18:01:24 391.76 13.27 10.90 50.37 98.56 0.0722 0.0842
2013-07-18 18:01:25 391.03 13.32 10.94 50.34 98.54 0.0721 0.0843
2013-07-18 18:01:26 391.25 13.22 10.84 50.34 98.54 0.0721 0.0839
