"2013-07-19 at 17:02"
Date(Y-M-D) Time(H:M:S) CO2(ppm) H2O(ppt) H2O(C) Cell_Temperature(C) Cell_Pressure(kPa) CO2_Absorption H2O_Absorption
2013-07-19 17:02:23 385.63 16.00 13.67 50.37 98.18 0.0711 0.0954
2013-07-19 17:02:24 384.90 16.13 13.80 50.40 98.18 0.0710 0.0959
2013-07-19 17:02:25 385.26 16.22 13.88 50.40 98.16 0.0710 0.0962
2013-07-19 17:02:26 385.11 16.20 13.86 50.34 98.16 0.0710 0.0962
2013-07-19 17:02:27 386.20 16.26 13.93 50.34 98.18 0.0712 0.0965
2013-07-19 17:02:28 385.36 16.26 13.93 50.34 98.20 0.0711 0.0965
2013-07-19 17:02:29 386.42 16.42 14.08 50.37 98.20 0.0712 0.0971
2013-07-19 17:02:30 385.70 16.46 14.12 50.40 98.21 0.0711 0.0973
2013-07-19 17:02:31 385.72 16.41 14.07 50.40 98.19 0.0711 0.0971
2013-07-19 17:02:32 386.94 16.49 14.15 50.40 98.19 0.0713 0.0974
2013-07-19 17:02:33 386.23 16.46 14.11 50.34 98.17 0.0712 0.0973
2013-07-19 17:02:34 386.29 16.63 14.26 50.34 98.16 0.0712 0.0979
2013-07-19 17:02:35 387.39 16.58 14.23 50.34 98.20 0.0714 0.0978
2013-07-19 17:02:36 385.64 16.61 14.25 50.34 98.20 0.0711 0.0979
2013-07-19 17:02:37 385.81 16.64 14.28 50.40 98.19 0.0711 0.0980
2013-07-19 17:02:38 386.10 16.74 14.38 50.40 98.19 0.0712 0.0984
2013-07-19 17:02:39 386.74 16.73 14.36 50.40 98.19 0.0713 0.0983
2013-07-19 17:02:40 387.96 16.80 14.43 50.34 98.17 0.0714 0.0986
2013-07-19 17:02:41 388.00 16.77 14.40 50.34 98.17 0.0714 0.0985
2013-07-19 17:02:42 388.07 16.85 14.48 50.34 98.20 0.0715 0.0988
2013-07-19 17:02:43 386.30 16.86 14.49 50.34 98.20 0.0712 0.0989
2013-07-19 17:02:44 385.72 16.86 14.48 50.37 98.20 0.0711 0.0988
2013-07-19 17:02:45 385.93 16.86 14.49 50.40 98.19 0.0712 0.0989
2013-07-19 17:02:46 388.65 16.99 14.60 50.40 98.19 0.0715 0.0994
2013-07-19 17:02:47 387.88 16.94 14.56 50.37 98.21 0.0715 0.0992
2013-07-19 17:02:48 386.92 16.98 14.59 50.34 98.18 0.0713 0.0993
2013-07-19 17:02:49 388.31 17.03 14.63 50.34 98.18 0.0715 0.0995
2013-07-19 17:02:50 389.60 17.02 14.63 50.34 98.18 0.0717 0.0995
2013-07-19 17:02:52 387.74 17.08 14.68 50.34 98.18 0.0714 0.0997
2013-07-19 17:02:53 388.41 17.06 14.67 50.37 98.21 0.0715 0.0997
2013-07-19 17:02:54 388.02 17.15 14.75 50.40 98.19 0.0715 0.1000
2013-07-19 17:02:55 387.98 17.11 14.71 50.37 98.17 0.0714 0.0998
2013-07-19 17:02:56 390.13 17.20 14.79 50.34 98.18 0.0717 0.1002
2013-07-19 17:02:57 387.40 17.15 14.75 50.34 98.18 0.0714 0.1000
2013-07-19 17:02:58 391.87 17.22 14.81 50.34 98.18 0.0720 0.1003
2013-07-19 17:02:59 388.78 17.23 14.82 50.37 98.18 0.0716 0.1003
2013-07-19 17:03:00 388.81 17.27 14.86 50.37 98.18 0.0716 0.1005
2013-07-19 17:03:01 390.37 17.28 14.87 50.40 98.18 0.0718 0.1005
2013-07-19 17:03:02 391.38 17.31 14.89 50.40 98.17 0.0719 0.1006
2013-07-19 17:03:03 389.37 17.34 14.92 50.37 98.16 0.0716 0.1007
2013-07-19 17:03:04 389.05 17.37 14.94 50.34 98.18 0.0716 0.1008
2013-07-19 17:03:05 390.42 17.37 14.94 50.34 98.18 0.0718 0.1008
2013-07-19 17:03:06 389.95 17.35 14.93 50.34 98.20 0.0717 0.1008
2013-07-19 17:03:07 390.50 17.42 15.00 50.37 98.20 0.0718 0.1011
2013-07-19 17:03:08 391.08 17.42 14.99 50.40 98.18 0.0719 0.1010
2013-07-19 17:03:09 392.60 17.47 15.03 50.40 98.18 0.0721 0.1012
2013-07-19 17:03:10 391.47 17.49 15.06 50.37 98.19 0.0719 0.1013
2013-07-19 17:03:11 391.54 17.45 15.02 50.34 98.16 0.0719 0.1012
2013-07-19 17:03:12 390.99 17.54 15.10 50.34 98.16 0.0718 0.1015
2013-07-19 17:03:13 390.81 17.47 15.04 50.34 98.20 0.0719 0.1013
2013-07-19 17:03:14 393.48 17.53 15.09 50.37 98.18 0.0722 0.1015
2013-07-19 17:03:15 391.52 17.54 15.10 50.40 98.20 0.0719 0.1015
2013-07-19 17:03:16 392.12 17.55 15.11 50.40 98.20 0.0720 0.1016
2013-07-19 17:03:17 393.38 17.57 15.12 50.40 98.19 0.0722 0.1016
2013-07-19 17:03:18 393.19 17.59 15.14 50.34 98.17 0.0722 0.1017
2013-07-19 17:03:19 391.87 17.66 15.20 50.34 98.17 0.0720 0.1020
2013-07-19 17:03:20 391.70 17.60 15.16 50.34 98.21 0.0720 0.1018
2013-07-19 17:03:21 393.86 17.65 15.20 50.34 98.19 0.0723 0.1020
2013-07-19 17:03:22 392.73 17.65 15.20 50.37 98.19 0.0721 0.1020
2013-07-19 17:03:23 391.15 17.69 15.24 50.40 98.19 0.0719 0.1021
2013-07-19 17:03:24 395.92 17.70 15.24 50.40 98.19 0.0725 0.1021
2013-07-19 17:03:25 392.25 17.70 15.24 50.37 98.19 0.0720 0.1021
2013-07-19 17:03:26 393.23 17.75 15.29 50.34 98.19 0.0722 0.1023
2013-07-19 17:03:27 394.55 17.70 15.24 50.34 98.20 0.0724 0.1021
2013-07-19 17:03:28 393.65 17.73 15.27 50.34 98.18 0.0722 0.1023
2013-07-19 17:03:29 395.54 17.76 15.30 50.37 98.21 0.0725 0.1024
2013-07-19 17:03:30 392.95 17.79 15.32 50.40 98.19 0.0721 0.1025
2013-07-19 17:03:31 395.03 17.73 15.27 50.40 98.21 0.0724 0.1023
2013-07-19 17:03:32 395.86 17.80 15.32 50.37 98.17 0.0725 0.1025
2013-07-19 17:03:33 394.85 17.77 15.30 50.34 98.19 0.0724 0.1024
2013-07-19 17:03:34 397.99 17.85 15.37 50.34 98.19 0.0728 0.1027
2013-07-19 17:03:35 394.41 17.80 15.33 50.34 98.18 0.0723 0.1025
2013-07-19 17:03:36 393.89 17.79 15.33 50.34 98.21 0.0723 0.1025
2013-07-19 17:03:37 396.28 17.84 15.36 50.40 98.21 0.0726 0.1027
2013-07-19 17:03:38 395.02 17.86 15.38 50.40 98.19 0.0724 0.1028
2013-07-19 17:03:39 396.40 17.85 15.37 50.40 98.19 0.0726 0.1027
2013-07-19 17:03:40 396.21 17.89 15.41 50.34 98.17 0.0726 0.1029
2013-07-19 17:03:41 395.47 17.88 15.40 50.34 98.18 0.0725 0.1028
2013-07-19 17:03:42 397.93 17.93 15.44 50.34 98.17 0.0728 0.1030
2013-07-19 17:03:43 395.85 17.80 15.33 50.34 98.18 0.0725 0.1025
2013-07-19 17:03:44 397.85 17.92 15.44 50.37 98.19 0.0728 0.1030
2013-07-19 17:03:45 397.48 17.96 15.46 50.40 98.19 0.0727 0.1031
2013-07-19 17:03:46 397.58 18.00 15.51 50.37 98.19 0.0728 0.1033
2013-07-19 17:03:47 396.88 17.93 15.43 50.37 98.15 0.0726 0.1030
2013-07-19 17:03:48 397.33 17.92 15.43 50.34 98.17 0.0727 0.1030
2013-07-19 17:03:49 396.84 17.93 15.44 50.34 98.18 0.0727 0.1030
2013-07-19 17:03:50 397.09 17.95 15.46 50.34 98.18 0.0727 0.1031
2013-07-19 17:03:51 397.36 17.90 15.41 50.37 98.20 0.0727 0.1029
2013-07-19 17:03:52 397.81 17.92 15.43 50.37 98.19 0.0728 0.1030
2013-07-19 17:03:53 395.76 17.94 15.45 50.40 98.19 0.0725 0.1030
2013-07-19 17:03:54 398.51 17.98 15.49 50.40 98.21 0.0729 0.1032
2013-07-19 17:03:55 396.87 17.93 15.45 50.34 98.19 0.0727 0.1030
2013-07-19 17:03:56 399.85 17.97 15.48 50.34 98.18 0.0731 0.1032
2013-07-19 17:03:57 396.01 17.96 15.47 50.34 98.20 0.0726 0.1032
2013-07-19 17:03:58 398.90 17.91 15.43 50.40 98.20 0.0729 0.1030
2013-07-19 17:03:59 397.34 17.92 15.43 50.37 98.20 0.0727 0.1030
2013-07-19 17:04:00 398.91 17.92 15.44 50.40 98.19 0.0729 0.1030
2013-07-19 17:04:01 398.72 17.95 15.45 50.37 98.17 0.0729 0.1031
2013-07-19 17:04:02 400.35 17.96 15.46 50.34 98.19 0.0731 0.1031
2013-07-19 17:04:03 398.08 17.95 15.46 50.34 98.19 0.0728 0.1031
2013-07-19 17:04:04 399.77 17.92 15.43 50.34 98.19 0.0731 0.1030
2013-07-19 17:04:06 397.77 18.02 15.52 50.37 98.21 0.0728 0.1034
2013-07-19 17:04:07 399.80 17.95 15.46 50.34 98.21 0.0731 0.1031
2013-07-19 17:04:08 400.62 17.93 15.44 50.40 98.21 0.0732 0.1030
2013-07-19 17:04:09 397.73 18.00 15.50 50.40 98.23 0.0728 0.1033
2013-07-19 17:04:10 400.31 18.00 15.51 50.37 98.21 0.0731 0.1033
2013-07-19 17:04:11 397.74 17.98 15.48 50.34 98.21 0.0728 0.1032
2013-07-19 17:04:12 400.24 18.01 15.51 50.34 98.19 0.0731 0.1033
2013-07-19 17:04:13 399.82 17.96 15.47 50.34 98.19 0.0731 0.1032
2013-07-19 17:04:14 400.81 17.99 15.50 50.34 98.21 0.0732 0.1033
2013-07-19 17:04:15 399.52 18.03 15.53 50.40 98.21 0.0730 0.1034
2013-07-19 17:04:16 398.92 18.05 15.55 50.40 98.23 0.0730 0.1035
2013-07-19 17:04:17 402.81 18.11 15.60 50.40 98.21 0.0735 0.1037
2013-07-19 17:04:18 399.80 18.02 15.52 50.34 98.19 0.0731 0.1034
2013-07-19 17:04:19 400.76 18.10 15.59 50.34 98.19 0.0732 0.1037
2013-07-19 17:04:20 401.43 18.08 15.57 50.34 98.21 0.0733 0.1036
2013-07-19 17:04:21 399.47 18.08 15.58 50.37 98.21 0.0730 0.1036
2013-07-19 17:04:22 400.40 18.12 15.61 50.37 98.23 0.0732 0.1038
2013-07-19 17:04:23 401.80 18.16 15.64 50.40 98.23 0.0734 0.1039
2013-07-19 17:04:24 401.22 18.17 15.65 50.40 98.21 0.0733 0.1039
2013-07-19 17:04:25 403.81 18.04 15.54 50.34 98.21 0.0736 0.1035
