"2013-07-19 at 16:53"
Date(Y-M-D) Time(H:M:S) CO2(ppm) H2O(ppt) H2O(C) Cell_Temperature(C) Cell_Pressure(kPa) CO2_Absorption H2O_Absorption
2013-07-19 16:53:39 395.42 15.45 13.14 50.34 98.19 0.0724 0.0932
2013-07-19 16:53:40 393.96 15.67 13.36 50.34 98.21 0.0723 0.0941
2013-07-19 16:53:41 394.84 15.76 13.46 50.40 98.23 0.0724 0.0945
2013-07-19 16:53:42 393.58 15.84 13.53 50.40 98.24 0.0722 0.0948
2013-07-19 16:53:43 396.52 16.01 13.69 50.37 98.22 0.0726 0.0955
2013-07-19 16:53:44 394.27 16.11 13.79 50.34 98.18 0.0723 0.0959
2013-07-19 16:53:45 395.59 16.17 13.84 50.34 98.19 0.0725 0.0961
2013-07-19 16:53:46 395.69 16.28 13.95 50.34 98.21 0.0725 0.0966
2013-07-19 16:53:47 397.10 16.31 13.98 50.34 98.23 0.0727 0.0967
2013-07-19 16:53:48 396.07 16.47 14.13 50.37 98.22 0.0726 0.0973
2013-07-19 16:53:49 397.99 16.56 14.21 50.40 98.22 0.0728 0.0977
2013-07-19 16:53:50 398.20 16.59 14.25 50.40 98.23 0.0729 0.0978
2013-07-19 16:53:51 398.28 16.71 14.35 50.34 98.22 0.0729 0.0983
2013-07-19 16:53:52 398.01 16.73 14.37 50.34 98.22 0.0728 0.0984
2013-07-19 16:53:53 396.72 16.84 14.47 50.34 98.21 0.0726 0.0988
2013-07-19 16:53:54 401.94 16.90 14.52 50.34 98.21 0.0734 0.0990
2013-07-19 16:53:55 400.26 17.00 14.62 50.34 98.22 0.0731 0.0995
2013-07-19 16:53:56 400.59 17.01 14.63 50.37 98.24 0.0732 0.0995
2013-07-19 16:53:57 399.55 17.05 14.66 50.40 98.24 0.0731 0.0996
2013-07-19 16:53:58 401.41 17.12 14.74 50.40 98.26 0.0733 0.0999
2013-07-19 16:53:59 401.95 17.23 14.82 50.34 98.21 0.0734 0.1003
2013-07-19 16:54:00 401.24 17.28 14.87 50.34 98.22 0.0733 0.1005
2013-07-19 16:54:01 402.12 17.33 14.92 50.34 98.22 0.0734 0.1007
2013-07-19 16:54:02 403.38 17.36 14.94 50.34 98.21 0.0735 0.1008
2013-07-19 16:54:03 403.50 17.50 15.07 50.34 98.22 0.0736 0.1014
2013-07-19 16:54:04 404.88 17.47 15.04 50.40 98.22 0.0738 0.1013
2013-07-19 16:54:05 404.99 17.54 15.10 50.40 98.24 0.0738 0.1015
2013-07-19 16:54:06 403.14 17.58 15.13 50.40 98.20 0.0735 0.1017
2013-07-19 16:54:07 405.86 17.67 15.22 50.34 98.20 0.0739 0.1020
2013-07-19 16:54:08 405.13 17.71 15.25 50.34 98.20 0.0738 0.1022
2013-07-19 16:54:09 405.95 17.75 15.29 50.34 98.24 0.0739 0.1024
2013-07-19 16:54:10 405.09 17.78 15.32 50.34 98.24 0.0738 0.1025
2013-07-19 16:54:11 407.26 17.88 15.41 50.40 98.22 0.0741 0.1029
2013-07-19 16:54:12 408.11 17.85 15.38 50.40 98.24 0.0742 0.1027
2013-07-19 16:54:13 407.11 17.93 15.45 50.40 98.23 0.0741 0.1031
2013-07-19 16:54:14 408.79 17.97 15.47 50.34 98.20 0.0743 0.1032
2013-07-19 16:54:15 409.22 18.03 15.53 50.34 98.22 0.0743 0.1034
2013-07-19 16:54:16 408.55 18.02 15.53 50.34 98.23 0.0743 0.1034
2013-07-19 16:54:17 409.74 18.07 15.57 50.34 98.22 0.0744 0.1036
2013-07-19 16:54:18 410.03 18.08 15.58 50.37 98.24 0.0745 0.1036
2013-07-19 16:54:19 409.35 18.19 15.67 50.40 98.24 0.0744 0.1041
2013-07-19 16:54:20 409.60 18.14 15.63 50.37 98.23 0.0744 0.1039
2013-07-19 16:54:21 408.88 18.17 15.65 50.37 98.18 0.0743 0.1039
2013-07-19 16:54:22 410.19 18.23 15.70 50.34 98.22 0.0745 0.1042
2013-07-19 16:54:23 408.70 18.19 15.67 50.34 98.22 0.0743 0.1041
2013-07-19 16:54:24 413.23 18.27 15.73 50.34 98.22 0.0749 0.1043
2013-07-19 16:54:25 410.45 18.32 15.78 50.37 98.24 0.0745 0.1046
2013-07-19 16:54:26 410.08 18.30 15.76 50.40 98.24 0.0745 0.1045
2013-07-19 16:54:27 410.74 18.29 15.76 50.40 98.22 0.0745 0.1044
2013-07-19 16:54:28 411.26 18.37 15.82 50.34 98.21 0.0746 0.1047
2013-07-19 16:54:29 414.19 18.39 15.84 50.34 98.22 0.0750 0.1048
2013-07-19 16:54:30 411.67 18.40 15.85 50.34 98.22 0.0747 0.1048
2013-07-19 16:54:32 411.78 18.47 15.91 50.34 98.24 0.0747 0.1051
2013-07-19 16:54:33 414.98 18.45 15.90 50.34 98.24 0.0751 0.1051
2013-07-19 16:54:34 412.55 18.53 15.96 50.40 98.22 0.0748 0.1053
2013-07-19 16:54:35 413.60 18.56 15.99 50.40 98.26 0.0749 0.1055
2013-07-19 16:54:36 412.91 18.58 16.00 50.40 98.21 0.0748 0.1055
2013-07-19 16:54:37 415.16 18.61 16.03 50.34 98.22 0.0751 0.1057
2013-07-19 16:54:38 415.79 18.62 16.03 50.34 98.22 0.0752 0.1057
2013-07-19 16:54:39 414.82 18.65 16.06 50.34 98.22 0.0751 0.1058
2013-07-19 16:54:40 416.56 18.69 16.10 50.34 98.24 0.0753 0.1060
2013-07-19 16:54:41 414.13 18.70 16.11 50.40 98.24 0.0750 0.1060
2013-07-19 16:54:42 416.63 18.73 16.13 50.40 98.23 0.0753 0.1061
2013-07-19 16:54:43 415.57 18.76 16.15 50.40 98.23 0.0752 0.1062
2013-07-19 16:54:44 416.56 18.78 16.17 50.34 98.21 0.0753 0.1063
2013-07-19 16:54:45 417.76 18.80 16.18 50.34 98.20 0.0755 0.1063
2013-07-19 16:54:46 416.20 18.84 16.22 50.34 98.24 0.0753 0.1065
2013-07-19 16:54:47 417.33 18.89 16.26 50.34 98.24 0.0754 0.1067
2013-07-19 16:54:48 419.31 18.87 16.24 50.40 98.22 0.0757 0.1066
2013-07-19 16:54:49 418.60 18.89 16.27 50.37 98.23 0.0756 0.1067
2013-07-19 16:54:50 417.67 18.94 16.31 50.40 98.23 0.0755 0.1069
2013-07-19 16:54:51 419.28 18.95 16.31 50.40 98.23 0.0757 0.1069
2013-07-19 16:54:52 419.30 18.94 16.30 50.34 98.20 0.0757 0.1069
2013-07-19 16:54:53 418.48 19.00 16.35 50.34 98.22 0.0756 0.1071
2013-07-19 16:54:54 419.80 18.97 16.33 50.34 98.24 0.0758 0.1070
2013-07-19 16:54:55 420.62 19.04 16.39 50.34 98.24 0.0759 0.1073
2013-07-19 16:54:56 420.41 19.03 16.37 50.37 98.22 0.0758 0.1072
2013-07-19 16:54:57 422.24 19.07 16.41 50.40 98.22 0.0761 0.1073
2013-07-19 16:54:58 421.62 19.09 16.42 50.40 98.22 0.0760 0.1074
2013-07-19 16:54:59 423.35 19.04 16.38 50.34 98.22 0.0762 0.1072
2013-07-19 16:55:00 420.70 19.08 16.42 50.34 98.22 0.0759 0.1074
2013-07-19 16:55:01 421.45 19.12 16.45 50.34 98.21 0.0760 0.1075
2013-07-19 16:55:02 421.46 19.05 16.40 50.34 98.24 0.0760 0.1073
2013-07-19 16:55:03 423.70 19.11 16.45 50.34 98.24 0.0763 0.1075
2013-07-19 16:55:04 422.74 19.11 16.45 50.40 98.24 0.0761 0.1075
2013-07-19 16:55:05 424.47 19.19 16.51 50.40 98.24 0.0764 0.1078
2013-07-19 16:55:06 424.40 19.15 16.48 50.34 98.20 0.0763 0.1077
2013-07-19 16:55:07 422.43 19.23 16.54 50.34 98.22 0.0761 0.1079
2013-07-19 16:55:08 422.76 19.22 16.53 50.34 98.22 0.0761 0.1079
2013-07-19 16:55:09 424.76 19.26 16.57 50.37 98.24 0.0764 0.1081
2013-07-19 16:55:10 423.88 19.27 16.57 50.37 98.22 0.0763 0.1081
2013-07-19 16:55:11 424.69 19.28 16.58 50.40 98.22 0.0764 0.1081
2013-07-19 16:55:12 425.20 19.28 16.58 50.40 98.24 0.0765 0.1081
2013-07-19 16:55:13 426.52 19.36 16.65 50.40 98.20 0.0766 0.1084
2013-07-19 16:55:14 426.78 19.37 16.65 50.34 98.20 0.0767 0.1084
2013-07-19 16:55:15 427.27 19.37 16.65 50.34 98.20 0.0767 0.1085
2013-07-19 16:55:16 425.03 19.34 16.63 50.34 98.22 0.0764 0.1084
2013-07-19 16:55:17 428.36 19.39 16.67 50.34 98.24 0.0769 0.1086
2013-07-19 16:55:18 428.11 19.46 16.73 50.37 98.22 0.0768 0.1088
2013-07-19 16:55:19 428.50 19.43 16.71 50.40 98.24 0.0769 0.1087
2013-07-19 16:55:20 427.37 19.45 16.72 50.40 98.23 0.0767 0.1088
2013-07-19 16:55:21 429.89 19.44 16.71 50.34 98.20 0.0771 0.1087
2013-07-19 16:55:22 430.66 19.52 16.77 50.34 98.20 0.0772 0.1090
2013-07-19 16:55:23 428.89 19.45 16.72 50.34 98.22 0.0769 0.1088
2013-07-19 16:55:24 430.10 19.57 16.82 50.34 98.22 0.0771 0.1092
2013-07-19 16:55:25 431.97 19.53 16.79 50.40 98.24 0.0774 0.1091
2013-07-19 16:55:26 429.33 19.57 16.82 50.40 98.24 0.0770 0.1092
2013-07-19 16:55:27 432.07 19.56 16.81 50.40 98.23 0.0774 0.1092
2013-07-19 16:55:28 432.04 19.59 16.83 50.37 98.20 0.0773 0.1093
2013-07-19 16:55:29 431.68 19.64 16.87 50.34 98.20 0.0773 0.1095
2013-07-19 16:55:30 432.26 19.61 16.85 50.34 98.24 0.0774 0.1094
2013-07-19 16:55:31 434.06 19.68 16.91 50.37 98.24 0.0776 0.1096
2013-07-19 16:55:32 432.45 19.67 16.90 50.40 98.22 0.0774 0.1096
2013-07-19 16:55:33 432.31 19.67 16.89 50.40 98.22 0.0774 0.1096
2013-07-19 16:55:34 434.97 19.69 16.91 50.40 98.22 0.0777 0.1096
2013-07-19 16:55:35 433.99 19.71 16.92 50.34 98.20 0.0776 0.1097
2013-07-19 16:55:36 435.79 19.69 16.92 50.34 98.22 0.0778 0.1097
2013-07-19 16:55:37 434.95 19.72 16.94 50.34 98.22 0.0777 0.1098
2013-07-19 16:55:38 435.51 19.79 17.00 50.34 98.24 0.0778 0.1101
2013-07-19 16:55:39 436.12 19.75 16.96 50.37 98.24 0.0779 0.1099
2013-07-19 16:55:40 434.92 19.76 16.97 50.40 98.22 0.0777 0.1099
2013-07-19 16:55:41 437.60 19.80 17.00 50.40 98.24 0.0781 0.1101
2013-07-19 16:55:42 437.28 19.81 17.01 50.37 98.20 0.0780 0.1101
2013-07-19 16:55:43 438.09 19.84 17.03 50.37 98.20 0.0781 0.1102
2013-07-19 16:55:45 438.19 19.81 17.01 50.34 98.22 0.0782 0.1101
2013-07-19 16:55:46 437.79 19.87 17.05 50.34 98.19 0.0781 0.1103
