"2013-08-03 at 12:30"
Date(Y-M-D) Time(H:M:S) CO2(ppm) H2O(ppt) H2O(C) Cell_Temperature(C) Cell_Pressure(kPa) CO2_Absorption H2O_Absorption
2013-08-03 12:30:49 391.01 12.77 10.32 50.34 98.63 0.0722 0.0819
2013-08-03 12:30:50 392.68 12.78 10.35 50.34 98.66 0.0724 0.0820
2013-08-03 12:30:51 392.22 12.75 10.30 50.34 98.65 0.0723 0.0819
2013-08-03 12:30:52 389.06 12.80 10.36 50.40 98.65 0.0719 0.0821
2013-08-03 12:30:53 393.92 12.78 10.33 50.37 98.63 0.0726 0.0820
2013-08-03 12:30:54 391.23 12.78 10.33 50.34 98.63 0.0722 0.0820
2013-08-03 12:30:55 391.74 12.77 10.32 50.34 98.65 0.0723 0.0820
2013-08-03 12:30:56 391.56 12.79 10.35 50.34 98.65 0.0723 0.0821
2013-08-03 12:30:57 392.03 12.78 10.34 50.34 98.65 0.0723 0.0820
2013-08-03 12:30:58 390.42 12.73 10.28 50.34 98.65 0.0721 0.0818
2013-08-03 12:30:59 391.17 12.73 10.28 50.37 98.65 0.0722 0.0818
2013-08-03 12:31:00 392.58 12.79 10.34 50.40 98.63 0.0724 0.0820
2013-08-03 12:31:01 393.14 12.77 10.33 50.34 98.64 0.0725 0.0820
2013-08-03 12:31:02 393.83 12.77 10.32 50.34 98.64 0.0726 0.0819
2013-08-03 12:31:03 392.25 12.74 10.30 50.34 98.65 0.0724 0.0818
2013-08-03 12:31:04 391.30 12.74 10.30 50.34 98.64 0.0722 0.0818
2013-08-03 12:31:05 393.67 12.76 10.31 50.34 98.66 0.0726 0.0819
2013-08-03 12:31:06 392.48 12.78 10.34 50.37 98.66 0.0724 0.0820
2013-08-03 12:31:07 394.00 12.73 10.27 50.40 98.64 0.0726 0.0817
2013-08-03 12:31:08 391.41 12.79 10.35 50.37 98.66 0.0722 0.0820
2013-08-03 12:31:09 393.05 12.74 10.29 50.34 98.64 0.0725 0.0818
2013-08-03 12:31:10 394.18 12.74 10.30 50.34 98.64 0.0726 0.0818
2013-08-03 12:31:11 394.91 12.77 10.32 50.34 98.64 0.0727 0.0819
2013-08-03 12:31:12 394.03 12.74 10.30 50.34 98.68 0.0726 0.0819
2013-08-03 12:31:13 393.91 12.72 10.27 50.37 98.66 0.0726 0.0818
2013-08-03 12:31:14 396.14 12.79 10.36 50.37 98.68 0.0729 0.0821
2013-08-03 12:31:15 394.38 12.79 10.35 50.37 98.66 0.0726 0.0820
2013-08-03 12:31:16 397.13 12.73 10.27 50.34 98.64 0.0730 0.0818
2013-08-03 12:31:17 395.50 12.75 10.31 50.34 98.64 0.0728 0.0819
2013-08-03 12:31:18 396.30 12.76 10.31 50.34 98.63 0.0729 0.0819
2013-08-03 12:31:19 394.76 12.79 10.34 50.34 98.63 0.0727 0.0820
2013-08-03 12:31:20 396.70 12.75 10.31 50.37 98.66 0.0730 0.0819
2013-08-03 12:31:21 396.84 12.75 10.31 50.37 98.68 0.0730 0.0819
2013-08-03 12:31:22 398.51 12.74 10.30 50.40 98.66 0.0732 0.0818
2013-08-03 12:31:23 397.24 12.80 10.36 50.37 98.64 0.0730 0.0821
2013-08-03 12:31:24 397.48 12.74 10.29 50.34 98.63 0.0730 0.0818
2013-08-03 12:31:25 396.71 12.75 10.31 50.34 98.65 0.0730 0.0819
2013-08-03 12:31:26 396.36 12.72 10.27 50.34 98.65 0.0729 0.0817
2013-08-03 12:31:27 398.02 12.77 10.32 50.34 98.65 0.0731 0.0819
2013-08-03 12:31:28 397.88 12.75 10.30 50.37 98.65 0.0731 0.0819
2013-08-03 12:31:29 397.02 12.69 10.24 50.40 98.65 0.0730 0.0816
2013-08-03 12:31:30 398.30 12.72 10.26 50.37 98.63 0.0731 0.0817
2013-08-03 12:31:31 399.01 12.74 10.29 50.34 98.63 0.0732 0.0818
2013-08-03 12:31:32 400.63 12.71 10.26 50.34 98.65 0.0735 0.0817
2013-08-03 12:31:33 400.01 12.70 10.24 50.34 98.65 0.0734 0.0816
2013-08-03 12:31:34 400.01 12.74 10.30 50.34 98.65 0.0734 0.0819
2013-08-03 12:31:35 397.93 12.69 10.23 50.37 98.67 0.0731 0.0816
2013-08-03 12:31:36 399.41 12.72 10.26 50.40 98.63 0.0733 0.0817
2013-08-03 12:31:37 400.93 12.72 10.26 50.40 98.64 0.0735 0.0817
2013-08-03 12:31:38 401.68 12.74 10.29 50.37 98.66 0.0736 0.0818
2013-08-03 12:31:39 400.85 12.69 10.24 50.34 98.64 0.0735 0.0816
2013-08-03 12:31:40 397.93 12.74 10.29 50.34 98.65 0.0731 0.0818
2013-08-03 12:31:41 402.60 12.65 10.19 50.34 98.65 0.0737 0.0814
2013-08-03 12:31:42 401.42 12.69 10.24 50.37 98.67 0.0736 0.0816
2013-08-03 12:31:43 401.60 12.70 10.24 50.34 98.67 0.0736 0.0816
2013-08-03 12:31:44 401.01 12.70 10.24 50.40 98.64 0.0735 0.0816
2013-08-03 12:31:45 403.06 12.71 10.26 50.37 98.66 0.0738 0.0817
2013-08-03 12:31:47 401.24 12.68 10.22 50.34 98.64 0.0736 0.0816
2013-08-03 12:31:48 401.10 12.69 10.24 50.34 98.65 0.0735 0.0816
2013-08-03 12:31:49 403.34 12.71 10.26 50.34 98.65 0.0738 0.0817
2013-08-03 12:31:50 403.78 12.72 10.27 50.34 98.65 0.0739 0.0817
2013-08-03 12:31:51 399.94 12.68 10.22 50.34 98.65 0.0734 0.0815
2013-08-03 12:31:52 402.91 12.72 10.26 50.40 98.63 0.0738 0.0817
2013-08-03 12:31:53 400.50 12.74 10.29 50.37 98.66 0.0735 0.0818
2013-08-03 12:31:54 404.83 12.66 10.20 50.34 98.63 0.0740 0.0815
2013-08-03 12:31:55 403.58 12.72 10.27 50.34 98.65 0.0739 0.0817
2013-08-03 12:31:56 403.04 12.69 10.24 50.34 98.65 0.0738 0.0816
2013-08-03 12:31:57 405.55 12.72 10.27 50.34 98.67 0.0742 0.0818
2013-08-03 12:31:58 402.22 12.72 10.26 50.37 98.65 0.0737 0.0817
2013-08-03 12:31:59 405.29 12.75 10.31 50.37 98.63 0.0741 0.0819
2013-08-03 12:32:00 404.12 12.68 10.22 50.37 98.63 0.0739 0.0815
2013-08-03 12:32:01 403.43 12.70 10.24 50.34 98.63 0.0738 0.0816
2013-08-03 12:32:02 402.30 12.66 10.20 50.34 98.65 0.0737 0.0815
2013-08-03 12:32:03 404.31 12.72 10.27 50.34 98.63 0.0740 0.0817
2013-08-03 12:32:04 402.99 12.70 10.24 50.34 98.65 0.0738 0.0816
2013-08-03 12:32:05 404.10 12.68 10.22 50.34 98.66 0.0740 0.0816
2013-08-03 12:32:06 405.29 12.65 10.19 50.40 98.68 0.0741 0.0814
2013-08-03 12:32:07 404.47 12.72 10.26 50.40 98.64 0.0740 0.0817
2013-08-03 12:32:08 405.49 12.65 10.18 50.34 98.64 0.0741 0.0814
2013-08-03 12:32:09 403.24 12.64 10.17 50.34 98.64 0.0738 0.0814
2013-08-03 12:32:10 408.85 12.66 10.20 50.34 98.64 0.0746 0.0815
2013-08-03 12:32:11 404.86 12.64 10.17 50.34 98.64 0.0740 0.0813
2013-08-03 12:32:12 408.22 12.63 10.16 50.34 98.66 0.0745 0.0813
2013-08-03 12:32:13 406.06 12.63 10.16 50.37 98.66 0.0742 0.0813
2013-08-03 12:32:14 406.33 12.59 10.12 50.40 98.64 0.0742 0.0811
2013-08-03 12:32:15 406.28 12.68 10.22 50.37 98.68 0.0743 0.0816
2013-08-03 12:32:16 407.65 12.68 10.22 50.34 98.64 0.0744 0.0816
2013-08-03 12:32:17 407.64 12.59 10.11 50.34 98.64 0.0744 0.0811
2013-08-03 12:32:18 407.42 12.68 10.23 50.34 98.66 0.0744 0.0816
2013-08-03 12:32:19 409.44 12.59 10.11 50.34 98.66 0.0747 0.0811
2013-08-03 12:32:20 408.29 12.63 10.16 50.34 98.66 0.0745 0.0813
2013-08-03 12:32:21 407.06 12.65 10.18 50.37 98.66 0.0744 0.0814
2013-08-03 12:32:22 408.46 12.65 10.19 50.40 98.66 0.0745 0.0814
2013-08-03 12:32:23 409.10 12.62 10.15 50.37 98.64 0.0746 0.0813
2013-08-03 12:32:24 407.55 12.63 10.17 50.34 98.64 0.0744 0.0813
2013-08-03 12:32:25 408.58 12.67 10.21 50.34 98.66 0.0746 0.0815
2013-08-03 12:32:26 409.20 12.61 10.14 50.34 98.66 0.0746 0.0813
2013-08-03 12:32:27 408.95 12.67 10.20 50.34 98.65 0.0746 0.0815
2013-08-03 12:32:28 408.62 12.60 10.13 50.37 98.68 0.0746 0.0812
2013-08-03 12:32:29 409.74 12.69 10.23 50.40 98.66 0.0747 0.0816
2013-08-03 12:32:30 410.32 12.63 10.17 50.34 98.64 0.0748 0.0813
2013-08-03 12:32:31 410.45 12.68 10.22 50.34 98.64 0.0748 0.0815
