"2013-08-04 at 17:21"
Date(Y-M-D) Time(H:M:S) CO2(ppm) H2O(ppt) H2O(C) Cell_Temperature(C) Cell_Pressure(kPa) CO2_Absorption H2O_Absorption
2013-08-04 17:21:44 388.46 10.78 7.65 50.34 97.56 0.0710 0.0719
2013-08-04 17:21:45 388.71 10.96 7.89 50.34 97.56 0.0710 0.0727
2013-08-04 17:21:46 390.35 10.94 7.86 50.34 97.56 0.0712 0.0726
2013-08-04 17:21:47 387.87 10.91 7.83 50.37 97.56 0.0709 0.0725
2013-08-04 17:21:48 390.16 11.00 7.95 50.37 97.56 0.0712 0.0729
2013-08-04 17:21:49 389.41 11.14 8.14 50.40 97.59 0.0711 0.0736
2013-08-04 17:21:50 389.05 11.10 8.08 50.37 97.55 0.0711 0.0734
2013-08-04 17:21:51 387.97 11.08 8.05 50.34 97.56 0.0709 0.0733
2013-08-04 17:21:52 389.03 11.16 8.16 50.34 97.54 0.0711 0.0737
2013-08-04 17:21:53 387.03 11.12 8.12 50.34 97.59 0.0708 0.0735
2013-08-04 17:21:55 388.68 11.32 8.37 50.34 97.59 0.0711 0.0744
2013-08-04 17:21:56 388.37 11.21 8.23 50.37 97.57 0.0710 0.0739
2013-08-04 17:21:57 389.46 11.23 8.26 50.40 97.59 0.0711 0.0741
2013-08-04 17:21:58 389.39 11.33 8.39 50.40 97.55 0.0711 0.0745
2013-08-04 17:21:59 390.28 11.33 8.38 50.34 97.55 0.0712 0.0745
2013-08-04 17:22:00 389.83 11.36 8.42 50.34 97.55 0.0712 0.0746
2013-08-04 17:22:01 387.94 11.34 8.40 50.34 97.57 0.0709 0.0746
2013-08-04 17:22:02 391.90 11.55 8.67 50.34 97.57 0.0715 0.0755
2013-08-04 17:22:03 387.47 11.43 8.52 50.37 97.57 0.0709 0.0750
2013-08-04 17:22:04 388.77 11.46 8.56 50.40 97.59 0.0711 0.0751
2013-08-04 17:22:05 388.81 11.42 8.51 50.40 97.59 0.0711 0.0749
2013-08-04 17:22:06 388.31 11.52 8.63 50.34 97.57 0.0710 0.0754
2013-08-04 17:22:07 388.90 11.44 8.53 50.34 97.57 0.0711 0.0750
2013-08-04 17:22:08 387.53 11.36 8.42 50.34 97.57 0.0709 0.0746
2013-08-04 17:22:09 390.99 11.44 8.53 50.34 97.59 0.0714 0.0750
2013-08-04 17:22:10 388.93 11.40 8.47 50.37 97.59 0.0711 0.0748
2013-08-04 17:22:11 386.54 11.36 8.42 50.37 97.57 0.0707 0.0746
2013-08-04 17:22:12 390.73 11.45 8.55 50.40 97.59 0.0713 0.0751
2013-08-04 17:22:13 387.66 11.39 8.46 50.34 97.57 0.0709 0.0748
2013-08-04 17:22:14 388.33 11.34 8.40 50.34 97.57 0.0710 0.0745
2013-08-04 17:22:15 387.94 11.27 8.32 50.34 97.59 0.0709 0.0742
2013-08-04 17:22:16 389.61 11.38 8.45 50.34 97.57 0.0712 0.0747
2013-08-04 17:22:17 387.51 11.20 8.23 50.37 97.61 0.0709 0.0739
2013-08-04 17:22:18 386.78 11.40 8.48 50.40 97.57 0.0708 0.0748
2013-08-04 17:22:19 387.73 11.30 8.35 50.40 97.59 0.0709 0.0744
2013-08-04 17:22:20 388.39 11.36 8.43 50.34 97.59 0.0710 0.0747
2013-08-04 17:22:21 389.00 11.25 8.28 50.34 97.57 0.0711 0.0741
2013-08-04 17:22:22 387.52 11.37 8.44 50.34 97.57 0.0709 0.0747
2013-08-04 17:22:23 388.15 11.37 8.44 50.34 97.59 0.0710 0.0747
2013-08-04 17:22:24 388.05 11.45 8.55 50.34 97.59 0.0710 0.0751
2013-08-04 17:22:25 388.90 11.44 8.53 50.40 97.57 0.0711 0.0750
2013-08-04 17:22:26 388.07 11.43 8.52 50.40 97.59 0.0710 0.0750
2013-08-04 17:22:27 389.26 11.49 8.59 50.40 97.59 0.0711 0.0753
2013-08-04 17:22:28 387.92 11.48 8.58 50.34 97.59 0.0709 0.0752
2013-08-04 17:22:29 388.61 11.50 8.61 50.34 97.57 0.0710 0.0753
2013-08-04 17:22:30 389.72 11.59 8.73 50.34 97.57 0.0712 0.0757
2013-08-04 17:22:31 385.89 11.53 8.65 50.34 97.61 0.0707 0.0755
2013-08-04 17:22:32 388.74 11.57 8.70 50.37 97.61 0.0711 0.0757
2013-08-04 17:22:33 388.40 11.58 8.71 50.40 97.59 0.0710 0.0757
2013-08-04 17:22:34 388.41 11.63 8.78 50.40 97.60 0.0710 0.0759
2013-08-04 17:22:35 388.38 11.64 8.79 50.34 97.57 0.0710 0.0760
2013-08-04 17:22:36 390.83 11.68 8.83 50.34 97.59 0.0713 0.0761
2013-08-04 17:22:37 389.04 11.73 8.90 50.34 97.59 0.0711 0.0764
2013-08-04 17:22:38 387.47 11.74 8.92 50.34 97.61 0.0709 0.0765
2013-08-04 17:22:39 388.58 11.67 8.82 50.37 97.59 0.0710 0.0761
2013-08-04 17:22:40 389.63 11.74 8.92 50.40 97.59 0.0712 0.0764
2013-08-04 17:22:41 389.13 11.79 8.97 50.40 97.59 0.0711 0.0766
2013-08-04 17:22:42 390.32 11.84 9.04 50.40 97.60 0.0713 0.0769
2013-08-04 17:22:43 388.10 11.82 9.02 50.34 97.57 0.0710 0.0768
2013-08-04 17:22:44 390.36 11.75 8.93 50.34 97.57 0.0713 0.0765
2013-08-04 17:22:45 387.23 11.79 8.98 50.34 97.55 0.0708 0.0767
2013-08-04 17:22:46 390.15 11.85 9.05 50.34 97.59 0.0712 0.0769
2013-08-04 17:22:47 388.31 11.91 9.14 50.40 97.61 0.0710 0.0773
2013-08-04 17:22:48 389.33 11.81 9.01 50.40 97.61 0.0711 0.0768
2013-08-04 17:22:49 387.42 11.82 9.02 50.40 97.61 0.0709 0.0768
2013-08-04 17:22:50 390.08 11.90 9.11 50.34 97.59 0.0712 0.0772
2013-08-04 17:22:51 388.58 11.85 9.05 50.34 97.57 0.0710 0.0769
2013-08-04 17:22:52 388.70 11.90 9.11 50.34 97.57 0.0710 0.0772
2013-08-04 17:22:53 391.77 11.91 9.12 50.34 97.57 0.0715 0.0772
2013-08-04 17:22:54 387.39 11.95 9.17 50.37 97.57 0.0709 0.0774
2013-08-04 17:22:55 389.95 11.93 9.15 50.40 97.59 0.0712 0.0773
2013-08-04 17:22:56 389.04 11.97 9.21 50.40 97.59 0.0711 0.0775
2013-08-04 17:22:57 390.58 11.93 9.15 50.37 97.55 0.0713 0.0773
2013-08-04 17:22:58 388.32 11.88 9.09 50.34 97.55 0.0710 0.0771
2013-08-04 17:22:59 388.68 11.92 9.14 50.34 97.57 0.0710 0.0773
2013-08-04 17:23:00 387.91 11.91 9.13 50.34 97.59 0.0710 0.0772
2013-08-04 17:23:01 388.18 11.96 9.20 50.37 97.61 0.0710 0.0775
2013-08-04 17:23:02 389.96 11.85 9.05 50.40 97.59 0.0712 0.0769
2013-08-04 17:23:03 387.73 11.78 8.97 50.40 97.61 0.0709 0.0766
2013-08-04 17:23:04 390.33 11.72 8.88 50.40 97.57 0.0712 0.0763
2013-08-04 17:23:05 387.68 11.81 9.01 50.34 97.59 0.0709 0.0768
2013-08-04 17:23:06 389.73 11.81 9.00 50.34 97.59 0.0712 0.0768
2013-08-04 17:23:08 388.34 11.71 8.87 50.34 97.59 0.0710 0.0763
2013-08-04 17:23:09 387.45 11.71 8.87 50.34 97.57 0.0709 0.0763
2013-08-04 17:23:10 387.84 11.61 8.75 50.37 97.57 0.0709 0.0758
2013-08-04 17:23:11 387.01 11.52 8.63 50.40 97.61 0.0708 0.0754
2013-08-04 17:23:12 388.12 11.57 8.70 50.40 97.59 0.0710 0.0756
2013-08-04 17:23:13 387.62 11.46 8.56 50.34 97.57 0.0709 0.0751
2013-08-04 17:23:14 387.55 11.59 8.73 50.34 97.57 0.0709 0.0757
2013-08-04 17:23:15 387.69 11.62 8.76 50.34 97.59 0.0709 0.0759
2013-08-04 17:23:16 388.72 11.67 8.82 50.34 97.57 0.0710 0.0761
2013-08-04 17:23:17 385.29 11.59 8.72 50.37 97.61 0.0706 0.0757
2013-08-04 17:23:18 390.27 11.64 8.79 50.40 97.61 0.0713 0.0760
2013-08-04 17:23:19 388.08 11.70 8.86 50.40 97.59 0.0710 0.0762
2013-08-04 17:23:20 388.97 11.66 8.81 50.34 97.55 0.0711 0.0760
2013-08-04 17:23:21 389.15 11.73 8.90 50.34 97.55 0.0711 0.0764
